20-24_TotalPopulation,20-24_TotalMalePopulation,20-24_TotalFemalePopulation,20-24_Graduates,20-24_MaleGraduates,20-24_FemaleGraduates,25-29_TotalPopulation,25-29_TotalMalePopulation,25-29_TotalFemalePopulation,25-29_Graduates,25-29_MaleGraduates,25-29_FemaleGraduates,30-34_TotalPopulation,30-34_TotalMalePopulation,30-34_TotalFemalePopulation,30-34_Graduates,30-34_MaleGraduates,30-34_FemaleGraduates,35-59_TotalPopulation,35-59_TotalMalePopulation,35-59_TotalFemalePopulation,35-59_Graduates,35-59_MaleGraduates,35-59_FemaleGraduates,60+_TotalPopulation,60+_TotalMalePopulation,60+_TotalFemalePopulation,60+_Graduates,60+_MaleGraduates,60+_FemaleGraduates,District,State,Year
34369,18906,15463,2244,1055,1189,32447,17129,15318,3397,1693,1704,25048,13981,11067,2828,1663,1165,78786,45043,33743,5182,3618,1564,14947,8525,6422,227,183,44,ANDAMANS,ANDAMAN  NICOBAR ISLANDS,2001
3921,2050,1871,75,34,41,4304,2254,2050,316,173,143,3551,1930,1621,317,228,89,11589,6642,4947,280,235,45,2419,1309,1110,6,6,0,NICOBARS,ANDAMAN  NICOBAR ISLANDS,2001
3544,2143,1401,125,74,51,3980,2375,1605,345,232,113,3491,2008,1483,253,184,69,11869,6835,5034,405,337,68,2650,1447,1203,12,12,0,NICOBARS,ANDAMAN  NICOBAR ISLANDS,2011
9386,4504,4882,416,186,230,10688,5435,5253,799,383,416,9113,4763,4350,768,450,318,30075,16075,14000,1818,1224,594,9017,5039,3978,60,54,6,NORTH   MIDDLE ANDAMAN,ANDAMAN  NICOBAR ISLANDS,2011
24185,12881,11304,2796,1228,1568,27054,14420,12634,4255,2095,2160,23119,12588,10531,3314,1745,1569,72584,39923,32661,8301,5036,3265,13757,7703,6054,472,370,102,SOUTH ANDAMAN,ANDAMAN  NICOBAR ISLANDS,2011
24168,13250,10918,1223,550,673,25087,13282,11805,1672,932,740,17737,9902,7835,1135,716,419,52730,32830,19900,2292,1688,604,7944,4780,3164,78,69,9,ANDAMANS,ANDAMAN AND NICOBAR ISLANDS,1991
3594,1982,1612,102,57,45,4156,2198,1958,200,143,57,2813,1494,1319,92,63,29,9331,5510,3821,194,162,32,1602,917,685,8,5,3,NICOBARS,ANDAMAN AND NICOBAR ISLANDS,1991
170365,79465,90900,4140,2970,1170,180356,85640,94716,5720,4610,1110,145846,74403,71443,3950,3300,650,454846,238298,216548,7630,7120,510,123419,61059,62360,390,360,30,ADILABAD,ANDHRA PRADESH,1991
211594,104321,107273,9511,6864,2647,211850,101350,110500,9785,7303,2482,179390,88160,91230,7161,5601,1560,574315,293460,280855,16232,14146,2086,164725,74581,90144,835,777,58,ADILABAD,ANDHRA PRADESH,2001
260882,131538,129344,39737,24715,15022,237826,117622,120204,30362,20787,9575,205149,101640,103509,15158,10783,4375,689539,342101,347438,26981,21460,5521,232385,104595,127790,2557,2198,359,ADILABAD,ANDHRA PRADESH,2011
276009,135671,140338,12000,8230,3770,271837,127558,144279,12030,9160,2870,222693,113843,108850,7210,5960,1250,727475,386026,341449,16032,14540,1492,212355,107475,104880,1203,1083,120,ANANTAPUR,ANDHRA PRADESH,1991
325644,165906,159738,22862,15503,7359,326037,154705,171332,23561,16509,7052,267658,138135,129523,17558,13426,4132,918069,474874,443195,35429,29943,5486,271727,129918,141809,3339,3023,316,ANANTAPUR,ANDHRA PRADESH,2001
381660,193325,188335,51338,31277,20061,368434,178117,190317,44212,28137,16075,312489,158401,154088,28650,19386,9264,1114084,563031,551053,65375,49569,15806,417604,201700,215904,8192,6998,1194,ANANTAPUR,ANDHRA PRADESH,2011
295295,141960,153335,17087,11240,5847,297696,138773,158923,16433,12353,4080,233959,117202,116757,9810,7510,2300,815136,429265,385871,20620,17920,2700,232769,112641,120128,1400,1310,90,CHITTOOR,ANDHRA PRADESH,1991
334482,166476,168006,29083,18149,10934,338210,158902,179308,30090,19912,10178,277387,139820,137567,23823,17008,6815,1006275,515922,490353,49136,39990,9146,327126,155484,171642,3910,3562,348,CHITTOOR,ANDHRA PRADESH,2001
375703,184000,191703,65960,37661,28299,366387,177163,189224,58778,35944,22834,316953,158317,158636,38640,24635,14005,1197749,599435,598314,89897,65042,24855,451781,214696,237085,11387,9549,1838,CHITTOOR,ANDHRA PRADESH,2011
205411,103979,101432,12940,9860,3080,200139,95197,104942,11794,9450,2344,161528,82963,78565,6930,5960,970,546678,285185,261493,12580,11290,1290,147664,67944,79720,670,630,40,CUDDAPAH,ANDHRA PRADESH,1991
235324,120771,114553,20655,14405,6250,232742,110489,122253,20759,14927,5832,194463,100497,93966,16679,13067,3612,679033,347023,332010,31040,26919,4121,205803,93959,111844,2430,2286,144,CUDDAPAH,ANDHRA PRADESH,2001
400548,191969,208579,22080,14230,7850,390034,186893,203141,19020,13530,5490,325850,168790,157060,13670,10680,2990,1061478,541516,519962,26920,23380,3540,288434,141170,147264,2960,2800,160,EAST GODAVARI,ANDHRA PRADESH,1991
440591,220128,220463,31747,20379,11368,425800,202192,223608,33913,22188,11725,372461,187435,185026,26585,18643,7942,1271281,645253,626028,55222,43818,11404,349122,165536,183586,6413,5882,531,EAST GODAVARI,ANDHRA PRADESH,2001
513641,257911,255730,68378,38892,29486,475539,234764,240775,62635,38672,23963,409556,204242,205314,42080,27335,14745,1494260,744050,750210,101803,73207,28596,523260,245399,277861,14436,12514,1922,EAST GODAVARI,ANDHRA PRADESH,2011
374109,181504,192605,27231,17691,9540,363220,172308,190912,22090,15530,6560,293070,152163,140907,14900,11630,3270,960108,490680,469428,28574,24930,3644,323345,163846,159499,2700,2500,200,GUNTUR,ANDHRA PRADESH,1991
414836,207928,206908,40646,26210,14436,390074,185507,204567,39749,26257,13492,333679,169352,164327,30059,21406,8653,1156920,587322,569598,58348,46052,12296,389525,188171,201354,6870,6231,639,GUNTUR,ANDHRA PRADESH,2001
478898,235579,243319,80220,46767,33453,457451,224617,232834,72026,45052,26974,377063,189719,187344,46239,30017,16222,1407113,697710,709403,111352,79353,31999,516097,241381,274716,14610,12446,2164,GUNTUR,ANDHRA PRADESH,2011
316066,164070,151996,46342,26060,20282,285676,142396,143280,53220,33400,19820,227520,119850,107670,43430,29250,14180,668432,366381,302051,108160,85100,23060,162547,78897,83650,12890,11530,1360,HYDERABAD,ANDHRA PRADESH,1991
418508,217755,200753,85291,48290,37001,364879,182568,182311,94512,55267,39245,282272,147049,135223,68879,42133,26746,889165,475559,413606,186022,130304,55718,224487,111614,112873,30710,25650,5060,HYDERABAD,ANDHRA PRADESH,2001
414782,203305,211477,107265,53730,53535,396862,192865,203997,121118,63298,57820,332567,169446,163121,89689,51125,38564,1011413,529380,482033,225901,140066,85835,266932,136046,130886,51530,38096,13434,HYDERABAD,ANDHRA PRADESH,2011
266681,129765,136916,8110,6180,1930,255598,122530,133068,9440,7620,1820,207370,103910,103460,5890,5160,730,702878,364325,338553,13040,12270,770,241235,121976,119259,430,420,10,KARIMNAGAR,ANDHRA PRADESH,1991
311287,154440,156847,18558,13345,5213,306374,145349,161025,18765,14031,4734,254564,126613,127951,13324,10560,2764,865028,436911,428117,28167,24798,3369,310858,152239,158619,2078,1972,106,KARIMNAGAR,ANDHRA PRADESH,2001
358220,180718,177502,71979,41740,30239,329808,162750,167058,58893,38545,20348,282262,138442,143820,29930,20839,9091,1049345,519227,530118,52585,41920,10665,428622,201116,227506,6318,5709,609,KARIMNAGAR,ANDHRA PRADESH,2011
196482,93903,102579,7670,5330,2340,195824,92904,102920,10050,7460,2590,156450,80348,76102,6464,5152,1312,477096,251032,226064,12231,10891,1340,140192,72942,67250,420,390,30,KHAMMAM,ANDHRA PRADESH,1991
241516,118277,123239,16496,11155,5341,239954,115727,124227,16376,11183,5193,191899,98873,93026,12385,8923,3462,603201,309255,293946,25758,20857,4901,190614,93886,96728,1822,1640,182,KHAMMAM,ANDHRA PRADESH,2001
280062,137324,142738,47291,27656,19635,269771,131406,138365,40423,25896,14527,222253,110517,111736,22370,14988,7382,756557,374231,382326,45476,33268,12208,273728,129870,143858,4641,3940,701,KHAMMAM,ANDHRA PRADESH,2011
344317,166421,177896,25750,15230,10520,335547,160478,175069,23759,15559,8200,268912,139720,129192,16222,12010,4212,857719,446114,411605,31435,26136,5299,260708,132430,128278,2690,2360,330,KRISHNA,ANDHRA PRADESH,1991
390474,195605,194869,38109,22868,15241,374857,177843,197014,38700,23312,15388,323329,163744,159585,30296,19818,10478,1084217,554839,529378,62811,47636,15175,327945,160387,167558,7030,6411,619,KRISHNA,ANDHRA PRADESH,2001
439514,216455,223059,71755,39324,32431,417421,205635,211786,66046,38880,27166,349438,174950,174488,43048,25882,17166,1306494,654196,652298,111244,74135,37109,462657,220780,241877,16521,13343,3178,KRISHNA,ANDHRA PRADESH,2011
253360,125100,128260,12900,8830,4070,247932,119388,128544,11639,9250,2389,198291,103523,94768,7050,5860,1190,644285,333549,310736,16551,14571,1980,178097,84371,93726,1070,990,80,KURNOOL,ANDHRA PRADESH,1991
309309,156270,153039,22879,15757,7122,306552,146024,160528,22997,15884,7113,253052,130812,122240,17609,13305,4304,812899,416452,396447,34461,28876,5585,228821,102418,126403,3148,2897,251,KURNOOL,ANDHRA PRADESH,2001
395011,198891,196120,53339,33446,19893,368722,179175,189547,46587,30274,16313,307527,154862,152665,29066,19578,9488,1029067,518990,510077,64126,48641,15485,326051,146412,179639,7446,6450,996,KURNOOL,ANDHRA PRADESH,2011
239955,116045,123910,7020,5050,1970,244958,117356,127602,7720,6480,1240,201357,101740,99617,4800,4220,580,666798,342462,324336,12335,11750,585,212587,107857,104730,620,590,30,MAHBUBNAGAR,ANDHRA PRADESH,1991
301773,152306,149467,14362,9867,4495,294159,140526,153633,15872,11249,4623,239474,121500,117974,11567,9046,2521,799904,404980,394924,23732,20977,2755,256642,120705,135937,1958,1838,120,MAHBUBNAGAR,ANDHRA PRADESH,2001
372870,190816,182054,43903,27582,16321,369235,179334,189901,39331,25262,14069,304471,152917,151554,22920,15310,7610,1004051,504176,499875,43999,34317,9682,356433,166999,189434,5696,5052,644,MAHBUBNAGAR,ANDHRA PRADESH,2011
183422,90885,92537,5020,3650,1370,184512,88001,96511,6060,5240,820,151160,76145,75015,3687,3130,557,507204,261071,246133,9180,8350,830,172718,86853,85865,460,440,20,MEDAK,ANDHRA PRADESH,1991
229248,116746,112502,11190,7659,3531,227240,109393,117847,12105,8650,3455,188420,95889,92531,9337,7374,1963,621710,316610,305100,17479,15163,2316,209526,98217,111309,1452,1346,106,MEDAK,ANDHRA PRADESH,2001
292001,147147,144854,38498,23245,15253,283548,139815,143733,36055,23267,12788,229396,115670,113726,20203,13805,6398,760770,380285,380485,35041,27457,7584,298940,139541,159399,4240,3843,397,MEDAK,ANDHRA PRADESH,2011
240705,117529,123176,10409,7999,2410,231953,111611,120342,10116,8766,1350,191342,97410,93932,5300,4590,710,630499,327241,303258,11970,11080,890,210028,109718,100310,520,460,60,NALGONDA,ANDHRA PRADESH,1991
287604,145501,142103,21470,15425,6045,274378,132732,141646,21846,16496,5350,221678,113060,108618,15182,12417,2765,766096,388675,377421,25231,22240,2991,269816,135261,134555,1781,1685,96,NALGONDA,ANDHRA PRADESH,2001
342001,174642,167359,56076,35337,20739,323096,160488,162608,51298,35027,16271,257516,130050,127466,28701,20381,8320,903910,446324,457586,50092,40191,9901,387459,187888,199571,4985,4489,496,NALGONDA,ANDHRA PRADESH,2011
211158,101075,110083,12070,7860,4210,212853,101060,111793,10530,7670,2860,172858,87923,84935,6980,5150,1830,585069,301652,283417,14480,12490,1990,169808,83897,85911,1140,1050,90,NELLORE,ANDHRA PRADESH,1991
245696,121952,123744,21100,13138,7962,239574,114172,125402,21173,13762,7411,199925,101232,98693,15773,11191,4582,715507,364366,351141,31927,25414,6513,215614,101338,114276,2996,2682,314,NELLORE,ANDHRA PRADESH,2001
175255,84113,91142,5640,4340,1300,171182,81230,89952,6130,5120,1010,140421,68902,71519,4200,3510,690,460900,231004,229896,9390,8500,890,147379,69099,78280,320,300,20,NIZAMABAD,ANDHRA PRADESH,1991
209790,102273,107517,11699,8161,3538,207716,97124,110592,11695,8522,3173,174529,86435,88094,9017,7222,1795,564874,281180,283694,18264,15981,2283,176141,78057,98084,1177,1102,75,NIZAMABAD,ANDHRA PRADESH,2001
238689,116429,122260,33968,19709,14259,226622,109245,117377,28547,18138,10409,194416,94357,100059,16235,11125,5110,668815,326564,342251,31409,24778,6631,250743,109115,141628,3593,3164,429,NIZAMABAD,ANDHRA PRADESH,2011
228585,111498,117087,12660,8970,3690,229060,109175,119885,10947,8727,2220,189299,97347,91952,6770,5790,980,651262,332942,318320,12897,11771,1126,222354,111912,110442,950,920,30,PRAKASAM,ANDHRA PRADESH,1991
272761,138508,134253,22461,15843,6618,256287,123541,132746,22125,15724,6401,217537,109929,107608,16312,12463,3849,784864,396959,387905,29095,24640,4455,272014,131028,140986,2425,2282,143,PRAKASAM,ANDHRA PRADESH,2001
320805,162548,158257,47554,30170,17384,310642,152531,158111,44141,29578,14563,260979,132587,128392,27171,18899,8272,933722,464470,469252,56469,43409,13060,364397,172746,191651,5999,5401,598,PRAKASAM,ANDHRA PRADESH,2011
228876,115262,113614,17310,10160,7150,228679,111687,116992,21050,14270,6780,179418,94221,85197,15490,11310,4180,542414,289713,252701,36020,29780,6240,150077,75017,75060,2490,2310,180,RANGAREDDI,ANDHRA PRADESH,1991
358817,182578,176239,50948,29615,21333,353092,173342,179750,58436,35000,23436,273529,144330,129199,42679,28149,14530,827481,439576,387905,96470,72129,24341,222366,107842,114524,10929,9603,1326,RANGAREDDI,ANDHRA PRADESH,2001
534397,258192,276205,128327,67151,61176,559687,270446,289241,159451,85252,74199,459760,240584,219176,120285,72377,47908,1354294,708793,645501,243476,161729,81747,379847,190111,189736,40177,31855,8322,RANGAREDDY,ANDHRA PRADESH,2011
278088,137345,140743,43450,25522,17928,270416,132485,137931,41114,25781,15333,234556,117001,117555,27023,17504,9519,854689,427093,427596,61420,44199,17221,295225,140214,155011,7232,6175,1057,SRI POTTI SRIRAMULU NELLORE,ANDHRA PRADESH,2011
193593,91143,102450,7320,5630,1690,192872,89905,102967,7290,6260,1030,164061,80451,83610,4450,4060,390,572444,285752,286692,7620,6980,640,159143,75741,83402,550,540,10,SRIKAKULAM,ANDHRA PRADESH,1991
213321,104140,109181,13096,9551,3545,217731,99777,117954,13538,9983,3555,189356,92422,96934,10758,8638,2120,659310,328691,330619,20177,17942,2235,196703,89339,107364,1511,1440,71,SRIKAKULAM,ANDHRA PRADESH,2001
248563,126454,122109,33600,22025,11575,233423,112778,120645,27951,18805,9146,206116,99950,106166,18054,12838,5216,767110,374001,393109,39309,32065,7244,302895,141128,161767,3945,3589,356,SRIKAKULAM,ANDHRA PRADESH,2011
297963,145557,152406,19490,11150,8340,304789,149970,154819,23070,16050,7020,247400,127339,120061,16240,12320,3920,811055,422211,388844,31258,26118,5140,176023,80810,95213,2800,2540,260,VISAKHAPATNAM,ANDHRA PRADESH,1991
356120,174334,181786,36303,21776,14527,362017,169965,192052,39737,23149,16588,303547,154959,148588,32019,20675,11344,1009600,520273,489327,68725,51476,17249,236387,108550,127837,7498,6639,859,VISAKHAPATNAM,ANDHRA PRADESH,2001
407228,198334,208894,69085,37948,31137,405104,195965,209139,71168,40987,30181,348395,173776,174619,51428,31157,20271,1238317,623889,614428,124566,83146,41420,374981,174380,200601,17500,14075,3425,VISAKHAPATNAM,ANDHRA PRADESH,2011
172131,81734,90397,6580,4580,2000,175818,82486,93332,6317,4947,1370,152679,73910,78769,4270,3590,680,563372,284384,278988,8060,7090,970,133521,64280,69241,780,730,50,VIZIANAGARAM,ANDHRA PRADESH,1991
190165,92473,97692,13261,9507,3754,195453,91880,103573,12968,9415,3553,170764,84807,85957,9280,7142,2138,612447,305253,307194,17313,14728,2585,165213,75809,89404,1552,1443,109,VIZIANAGARAM,ANDHRA PRADESH,2001
208095,104818,103277,28075,17408,10667,198142,96020,102122,25287,16581,8706,179423,87170,92253,16976,11801,5175,694193,339500,354693,34710,26854,7856,244247,114084,130163,3897,3364,533,VIZIANAGARAM,ANDHRA PRADESH,2011
235031,115319,119712,11250,8200,3050,227765,111671,116094,11130,9080,2050,187934,95623,92311,7690,6380,1310,649432,337513,311919,16891,15331,1560,208021,108781,99240,730,690,40,WARANGAL,ANDHRA PRADESH,1991
290268,143415,146853,23188,15766,7422,287348,138292,149056,23382,17017,6365,229061,117761,111300,16337,12650,3687,777367,393896,383471,33905,28814,5091,276465,139162,137303,2991,2737,254,WARANGAL,ANDHRA PRADESH,2001
330463,166805,163658,66379,40081,26298,316588,154622,161966,57869,37579,20290,266392,131606,134786,32418,22067,10351,945442,467487,477955,64697,49699,14998,394490,188666,205824,7805,6953,852,WARANGAL,ANDHRA PRADESH,2011
317171,153034,164137,18496,11506,6990,300305,142741,157564,15706,11450,4256,248916,127557,121359,10840,8730,2110,829454,423129,406325,20400,17890,2510,238505,119390,119115,1710,1570,140,WEST GODAVARI,ANDHRA PRADESH,1991
347769,176185,171584,27288,17366,9922,329947,157858,172089,27131,17824,9307,287531,144383,143148,20651,14464,6187,986154,498299,487855,42760,34210,8550,300438,144087,156351,4256,3932,324,WEST GODAVARI,ANDHRA PRADESH,2001
391913,197797,194116,53799,29937,23862,357220,176946,180274,46906,28875,18031,306817,153029,153788,30089,19324,10765,1144683,569647,575036,72473,52222,20251,431797,202151,229646,9413,8258,1155,WEST GODAVARI,ANDHRA PRADESH,2011
268608,135324,133284,47059,28764,18295,257092,125098,131994,41463,26903,14560,220877,111174,109703,26107,17864,8243,805448,406085,399363,59181,46679,12502,297670,137310,160360,5918,5325,593,YSR,ANDHRA PRADESH,2011
1996,1084,912,77,43,34,2094,1250,844,209,160,49,1549,902,647,97,77,20,4339,2441,1898,151,127,24,1323,642,681,4,3,1,ANJAW,ARUNACHAL PRADESH,2011
8280,4417,3863,131,88,43,8191,4442,3749,283,211,72,6197,3459,2738,303,233,70,17893,10629,7264,413,358,55,4257,2351,1906,16,15,1,CHANGLANG,ARUNACHAL PRADESH,1991
10753,5376,5377,169,107,62,10894,5436,5458,357,234,123,8067,4313,3754,350,241,109,24996,14181,10815,1062,853,209,6164,3352,2812,12,11,1,CHANGLANG,ARUNACHAL PRADESH,2001
13512,6630,6882,554,290,264,13382,6853,6529,761,470,291,11043,5643,5400,499,345,154,32438,17773,14665,1311,997,314,7951,4253,3698,49,43,6,CHANGLANG,ARUNACHAL PRADESH,2011
3824,2126,1698,76,48,28,4457,2536,1921,211,147,64,3199,1902,1297,221,187,34,8827,5584,3243,257,241,16,1691,913,778,2,1,1,DIBANG VALLEY,ARUNACHAL PRADESH,1991
4656,2530,2126,135,83,52,4856,2567,2289,286,196,90,4032,2168,1864,247,168,79,12478,7557,4921,660,568,92,2329,1265,1064,8,6,2,DIBANG VALLEY,ARUNACHAL PRADESH,2001
871,511,360,58,33,25,831,480,351,129,88,41,591,333,258,58,44,14,1924,1136,788,82,73,9,359,202,157,6,6,0,DIBANG VALLEY,ARUNACHAL PRADESH,2011
3445,1608,1837,43,30,13,4281,2012,2269,180,139,41,3751,1851,1900,149,127,22,13148,7023,6125,175,159,16,2260,1176,1084,8,6,2,EAST KAMENG,ARUNACHAL PRADESH,1991
3491,1602,1889,71,52,19,4200,1988,2212,183,133,50,3993,1868,2125,156,110,46,13727,7243,6484,370,318,52,2207,1047,1160,2,1,1,EAST KAMENG,ARUNACHAL PRADESH,2001
5897,2756,3141,325,200,125,5767,2650,3117,478,366,112,5148,2517,2631,358,303,55,17038,8528,8510,587,486,101,2696,1326,1370,15,15,0,EAST KAMENG,ARUNACHAL PRADESH,2011
9033,5050,3983,425,310,115,9067,4933,4134,500,373,127,6023,3456,2567,400,316,84,21991,12631,9360,647,588,59,5121,2958,2163,15,11,4,EAST SIANG,ARUNACHAL PRADESH,1991
6907,3463,3444,377,231,146,7063,3339,3724,554,357,197,5947,3019,2928,539,385,154,18664,10482,8182,1249,1066,183,4721,2660,2061,38,36,2,EAST SIANG,ARUNACHAL PRADESH,2001
9583,4605,4978,917,454,463,8716,4104,4612,1348,745,603,7243,3540,3703,918,605,313,23837,12612,11225,2202,1728,474,6056,3210,2846,111,102,9,EAST SIANG,ARUNACHAL PRADESH,2011
7240,3357,3883,233,128,105,6577,2916,3661,364,261,103,5949,2704,3245,243,201,42,19087,9309,9778,394,341,53,2513,1325,1188,4,4,0,KURUNG KUMEY,ARUNACHAL PRADESH,2011
10564,5943,4621,275,187,88,10844,6296,4548,417,274,143,7750,4516,3234,383,297,86,21756,13402,8354,616,516,100,4095,2327,1768,15,15,0,LOHIT,ARUNACHAL PRADESH,1991
11902,6228,5674,284,167,117,12171,6306,5865,500,315,185,10189,5559,4630,453,325,128,30155,17820,12335,1311,1077,234,6256,3408,2848,27,26,1,LOHIT,ARUNACHAL PRADESH,2001
13737,6912,6825,706,373,333,12956,6640,6316,892,516,376,10485,5381,5104,711,459,252,33221,18367,14854,1788,1351,437,6982,3845,3137,86,78,8,LOHIT,ARUNACHAL PRADESH,2011
5244,2559,2685,360,183,177,4832,2421,2411,534,306,228,3860,1979,1881,391,256,135,12594,6927,5667,919,714,205,2452,1357,1095,23,22,1,LOWER DIBANG VALLEY,ARUNACHAL PRADESH,2011
13648,6765,6883,609,405,204,15429,7842,7587,987,697,290,11877,6280,5597,841,653,188,33122,18853,14269,1572,1342,230,5067,2754,2313,41,37,4,LOWER SUBANSIRI,ARUNACHAL PRADESH,1991
6467,3104,3363,152,98,54,7432,3374,4058,358,254,104,6389,3124,3265,306,235,71,22663,11800,10863,774,654,120,4014,2094,1920,12,10,2,LOWER SUBANSIRI,ARUNACHAL PRADESH,2001
8913,4341,4572,1053,528,525,7685,3794,3891,1387,863,524,5999,2935,3064,799,525,274,18701,9701,9000,1538,1287,251,3017,1509,1508,47,42,5,LOWER SUBANSIRI,ARUNACHAL PRADESH,2011
10961,5464,5497,892,534,358,12289,5851,6438,1535,976,559,9769,5152,4617,1253,816,437,23873,14604,9269,2944,2314,630,2754,1376,1378,82,78,4,PAPUM PARE,ARUNACHAL PRADESH,2001
20182,9843,10339,2920,1488,1432,17599,8578,9021,3592,2016,1576,13517,6686,6831,2399,1554,845,37814,20780,17034,5400,3977,1423,4337,2118,2219,248,205,43,PAPUM PARE,ARUNACHAL PRADESH,2011
3058,1786,1272,52,29,23,2991,1847,1144,130,110,20,2198,1246,952,123,111,12,6029,3447,2582,130,124,6,1832,901,931,4,4,0,TAWANG,ARUNACHAL PRADESH,1991
3672,2304,1368,69,50,19,3821,2355,1466,166,120,46,3548,2329,1219,180,140,40,8578,5249,3329,366,324,42,2533,1193,1340,3,3,0,TAWANG,ARUNACHAL PRADESH,2001
5865,3769,2096,264,171,93,6297,4328,1969,472,309,163,4757,3274,1483,302,229,73,11659,7222,4437,580,503,77,2832,1308,1524,6,6,0,TAWANG,ARUNACHAL PRADESH,2011
7082,3792,3290,79,52,27,7820,4333,3487,252,182,70,5616,3057,2559,215,153,62,19042,10804,8238,359,315,44,5362,2850,2512,7,6,1,TIRAP,ARUNACHAL PRADESH,1991
6879,3416,3463,104,55,49,7755,3890,3865,222,143,79,6796,3683,3113,256,175,81,22655,12636,10019,842,674,168,5697,2870,2827,11,8,3,TIRAP,ARUNACHAL PRADESH,2001
8739,4292,4447,372,212,160,8459,4155,4304,488,290,198,7071,3640,3431,309,207,102,25892,13981,11911,868,657,211,7129,3583,3546,30,20,10,TIRAP,ARUNACHAL PRADESH,2011
2342,1299,1043,28,24,4,2932,1596,1336,117,93,24,2398,1386,1012,172,143,29,7703,4555,3148,310,281,29,2598,1431,1167,4,3,1,UPPER SIANG,ARUNACHAL PRADESH,2001
2901,1526,1375,126,70,56,2829,1484,1345,256,177,79,2799,1527,1272,239,188,51,8547,4819,3728,488,428,60,2816,1492,1324,10,9,1,UPPER SIANG,ARUNACHAL PRADESH,2011
4385,2469,1916,59,44,15,4528,2515,2013,197,140,57,3532,1858,1674,145,127,18,11361,6227,5134,200,173,27,1983,1125,858,8,8,0,UPPER SUBANSIRI,ARUNACHAL PRADESH,1991
3612,1752,1860,85,65,20,4125,2036,2089,211,160,51,3444,1774,1670,164,135,29,12475,6529,5946,434,389,45,2277,1109,1168,1,1,0,UPPER SUBANSIRI,ARUNACHAL PRADESH,2001
7919,3808,4111,468,277,191,6572,3072,3500,658,442,216,5788,2865,2923,468,375,93,18646,9546,9100,847,742,105,2851,1467,1384,16,14,2,UPPER SUBANSIRI,ARUNACHAL PRADESH,2011
5243,2721,2522,131,72,59,5710,3072,2638,304,212,92,3974,2229,1745,267,205,62,11984,7767,4217,425,348,77,2019,1118,901,4,3,1,WEST KAMENG,ARUNACHAL PRADESH,1991
6893,4109,2784,203,124,79,7354,4196,3158,413,237,176,6180,3854,2326,423,281,142,16738,10902,5836,1056,889,167,3031,1708,1323,10,8,2,WEST KAMENG,ARUNACHAL PRADESH,2001
9049,4905,4144,465,244,221,9371,5527,3844,818,493,325,6998,4107,2891,605,409,196,20147,12135,8012,1556,1231,325,3710,2082,1628,45,39,6,WEST KAMENG,ARUNACHAL PRADESH,2011
6625,3639,2986,149,94,55,7704,4264,3440,346,267,79,5668,3145,2523,322,282,40,18944,10783,8161,479,430,49,3873,2104,1769,3,1,2,WEST SIANG,ARUNACHAL PRADESH,1991
7498,3865,3633,329,220,109,8010,4038,3972,533,381,152,6590,3543,3047,481,362,119,22574,12645,9929,1098,966,132,5335,2904,2431,22,21,1,WEST SIANG,ARUNACHAL PRADESH,2001
10048,5135,4913,728,382,346,9747,5114,4633,1137,702,435,8374,4429,3945,810,598,212,26785,14451,12334,1711,1423,288,6615,3470,3145,45,41,4,WEST SIANG,ARUNACHAL PRADESH,2011
87953,42900,45053,1964,1081,883,88851,43324,45527,2744,1631,1113,73632,36405,37227,2162,1466,696,246328,128542,117786,5672,4693,979,66405,32548,33857,368,334,34,BAKSA,ASSAM,2011
122477,60443,62034,2740,1830,910,120937,58594,62343,4140,3130,1010,91028,47927,43101,3180,2710,470,248377,134424,113953,5310,4950,360,82942,42332,40610,360,360,0,BARPETA,ASSAM,1991
135041,66616,68425,5217,3350,1867,138377,66465,71912,8668,6062,2606,119888,60710,59178,6590,5089,1501,342720,183208,159512,11817,10179,1638,102531,48820,53711,1013,961,52,BARPETA,ASSAM,2001
153925,74412,79513,5050,2581,2469,145118,71685,73433,8040,4663,3377,119874,60448,59426,7851,5117,2734,390637,203401,187236,20795,16321,4474,109890,52980,56910,2089,1919,170,BARPETA,ASSAM,2011
73300,35810,37490,1460,890,570,71612,34477,37135,2100,1430,670,52963,28953,24010,1883,1513,370,142450,77817,64633,2900,2550,350,39830,21221,18609,170,170,0,BONGAIGAON,ASSAM,1991
74334,36764,37570,2283,1409,874,75754,35624,40130,3575,2302,1273,65510,32643,32867,3221,2209,1012,193949,104995,88954,7200,5854,1346,51718,25162,26556,408,381,27,BONGAIGAON,ASSAM,2001
69865,33420,36445,2703,1310,1393,64788,32404,32384,3638,1995,1643,52115,26341,25774,3184,1943,1241,181087,93545,87542,9833,7019,2814,46586,22218,24368,975,855,120,BONGAIGAON,ASSAM,2011
107213,55530,51683,2980,1830,1150,103241,51426,51815,3688,2430,1258,85479,43781,41698,3260,2390,870,257053,140197,116856,7875,6240,1635,75739,41709,34030,851,791,60,CACHAR,ASSAM,1991
124699,63846,60853,5341,2880,2461,119710,58309,61401,7478,4196,3282,104212,52723,51489,5349,3445,1904,336095,179358,156737,14107,10375,3732,96967,49618,47349,2155,1884,271,CACHAR,ASSAM,2001
163281,81137,82144,5799,2851,2948,150898,74479,76419,8396,4303,4093,126719,63177,63542,7485,4221,3264,438251,229201,209050,21991,14652,7339,121705,62383,59322,4470,3557,913,CACHAR,ASSAM,2011
43470,20989,22481,1017,584,433,43275,21212,22063,1366,872,494,35035,17373,17662,999,666,333,116366,60531,55835,2723,2150,573,29125,14603,14522,231,199,32,CHIRANG,ASSAM,2011
116413,55690,60723,1700,1130,570,117846,56680,61166,2820,2130,690,87692,45840,41852,2580,2250,330,243379,134327,109052,3682,3330,352,69152,39587,29565,120,110,10,DARRANG,ASSAM,1991
127109,62585,64524,3526,2192,1334,131970,62660,69310,5401,3614,1787,111917,56356,55561,4476,3330,1146,325477,175782,149695,9038,7571,1467,87143,45344,41799,687,614,73,DARRANG,ASSAM,2001
80066,38805,41261,2593,1349,1244,80273,39490,40783,3957,2210,1747,66184,32878,33306,3628,2246,1382,218505,114316,104189,10655,8052,2603,59938,30682,29256,1029,909,120,DARRANG,ASSAM,2011
39667,19487,20180,760,580,180,39152,19820,19332,960,800,160,28718,15100,13618,740,660,80,81485,45918,35567,1250,1190,60,23663,13593,10070,70,50,20,DHEMAJI,ASSAM,1991
51535,25455,26080,1795,1146,649,47472,23255,24217,2696,1860,836,38621,19452,19169,2128,1644,484,112822,61650,51172,3728,3234,494,30708,16468,14240,173,166,7,DHEMAJI,ASSAM,2001
64718,31160,33558,4628,2381,2247,64194,31747,32447,6149,3486,2663,52844,27030,25814,4500,2899,1601,156657,82660,73997,8683,6680,2003,42180,21911,20269,612,546,66,DHEMAJI,ASSAM,2011
116866,57305,59561,2240,1590,650,115741,53760,61981,2730,2070,660,87820,47530,40290,2170,1820,350,229872,123983,105889,3780,3290,490,71080,35830,35250,350,330,20,DHUBRI,ASSAM,1991
132621,64949,67672,3492,2328,1164,131652,62913,68739,5757,4187,1570,112406,57160,55246,4679,3698,981,320174,170802,149372,8537,7183,1354,89810,42158,47652,654,599,55,DHUBRI,ASSAM,2001
180560,88433,92127,3821,2195,1626,164059,82678,81381,6389,4180,2209,132763,68084,64679,6419,4536,1883,415659,217140,198519,15920,12671,3249,112698,53889,58809,1686,1467,219,DHUBRI,ASSAM,2011
97917,47518,50399,4970,3020,1950,101097,51200,49897,6010,3900,2110,78987,42460,36527,4530,3000,1530,215525,123317,92208,9510,7680,1830,49865,28933,20932,610,580,30,DIBRUGARH,ASSAM,1991
111886,55387,56499,7000,3804,3196,109677,53826,55851,8913,5129,3784,93618,47443,46175,7016,4455,2561,283817,156379,127438,16937,12487,4450,65906,35213,30693,1728,1491,237,DIBRUGARH,ASSAM,2001
129599,62113,67486,8946,4011,4935,128428,63701,64727,11938,5891,6047,106968,54535,52433,9579,5309,4270,362202,189641,172561,26199,17369,8830,89468,46037,43431,3933,3131,802,DIBRUGARH,ASSAM,2011
21102,10318,10784,799,384,415,19837,10050,9787,1214,659,555,16057,8507,7550,950,587,363,51180,27791,23389,2422,1771,651,11292,6089,5203,163,138,25,DIMA HASAO,ASSAM,2011
58723,28100,30623,930,650,280,60178,29283,30895,1370,1090,280,43831,23335,20496,1090,940,150,118603,64752,53851,1746,1606,140,33259,16719,16540,90,90,0,GOALPARA,ASSAM,1991
66507,32511,33996,1626,996,630,67733,31798,35935,2672,1792,880,58173,29153,29020,2257,1707,550,166906,88877,78029,4100,3424,676,44522,21111,23411,297,274,23,GOALPARA,ASSAM,2001
94834,45526,49308,2135,1116,1019,88962,44433,44529,3670,2178,1492,69734,35460,34274,3001,1968,1033,229591,119046,110545,7818,6030,1788,57933,27618,30315,761,669,92,GOALPARA,ASSAM,2011
74170,37030,37140,2260,1390,870,73607,36302,37305,2760,1960,800,58818,31040,27778,2276,1636,640,161264,91833,69431,3890,3250,640,37274,21454,15820,110,100,10,GOLAGHAT,ASSAM,1991
86750,43436,43314,3222,1749,1473,83866,41434,42432,4886,2953,1933,71043,36048,34995,3849,2556,1293,216778,118667,98111,8912,6859,2053,50526,27465,23061,893,781,112,GOLAGHAT,ASSAM,2001
102501,48740,53761,4860,2333,2527,102215,50308,51907,6564,3447,3117,84554,42785,41769,5192,2967,2225,278932,146699,132233,14374,9895,4479,73843,38723,35120,2152,1801,351,GOLAGHAT,ASSAM,2011
38255,19885,18370,590,410,180,37017,18264,18753,690,440,250,31487,16403,15084,670,510,160,92020,49788,42232,1970,1730,240,26475,14695,11780,120,120,0,HAILAKANDI,ASSAM,1991
43743,22642,21101,1250,774,476,42419,20866,21553,1999,1394,605,38022,19188,18834,1484,1085,399,116658,62114,54544,3036,2426,610,32355,16966,15389,368,336,32,HAILAKANDI,ASSAM,2001
58960,29856,29104,1451,765,686,53887,26627,27260,1934,1153,781,45447,22849,22598,1876,1190,686,150647,79524,71123,5671,4204,1467,42990,22442,20548,811,691,120,HAILAKANDI,ASSAM,2011
83180,41571,41609,4090,2310,1780,78057,39780,38277,5000,3130,1870,62571,32518,30053,4030,2720,1310,183793,103253,80540,8934,7060,1874,44929,26058,18871,710,650,60,JORHAT,ASSAM,1991
96158,48276,47882,6116,3201,2915,92044,44928,47116,8368,4648,3720,79211,40463,38748,6652,4100,2552,243714,133384,110330,17867,13027,4840,61537,33078,28459,2228,1949,279,JORHAT,ASSAM,2001
102529,49435,53094,9375,4272,5103,104111,50848,53263,11361,5716,5645,90776,45546,45230,9063,4987,4076,307928,161303,146625,26736,17192,9544,87908,46008,41900,4911,3945,966,JORHAT,ASSAM,2011
196649,104892,91757,12040,6960,5080,194449,101711,92738,18490,12190,6300,146548,80101,66447,15090,10790,4300,410416,238666,171750,34025,28308,5717,96044,52154,43890,3064,2864,200,KAMRUP,ASSAM,1991
235986,121781,114205,24746,13389,11357,244422,121785,122637,34619,20332,14287,208428,109217,99211,27858,17846,10012,607645,343080,264565,72606,53936,18670,143126,73262,69864,9603,8394,1209,KAMRUP,ASSAM,2001
144435,71198,73237,6911,3382,3529,143282,70982,72300,9927,5517,4410,117381,58756,58625,8682,5494,3188,394454,210073,184381,22859,18123,4736,109137,53679,55458,2095,1927,168,KAMRUP,ASSAM,2011
124612,62083,62529,21921,10528,11393,128256,62306,65950,31966,15429,16537,113804,56867,56937,29626,15362,14264,390987,208861,182126,95077,59259,35818,87617,47492,40125,19053,14943,4110,KAMRUP METROPOLITAN,ASSAM,2011
54969,27971,26998,600,420,180,59054,29392,29662,1140,830,310,43131,23201,19930,1030,880,150,123995,71048,52947,1750,1530,220,34150,20590,13560,40,40,0,KARBI ANGLONG,ASSAM,1991
66075,32428,33647,1301,825,476,70335,33624,36711,2177,1468,709,57248,29602,27646,1754,1283,471,166978,93855,73123,3722,3141,581,39939,21636,18303,149,131,18,KARBI ANGLONG,ASSAM,2001
90423,44184,46239,2649,1474,1175,86290,42721,43569,3564,2205,1359,68647,34720,33927,2531,1703,828,218262,116657,101605,5831,4436,1395,49953,26100,23853,351,306,45,KARBI ANGLONG,ASSAM,2011
70276,35377,34899,1540,940,600,68094,32918,35176,1730,1200,530,54235,28230,26005,1250,940,310,172305,92294,80011,3675,3110,565,55378,29858,25520,320,310,10,KARIMGANJ,ASSAM,1991
83433,42944,40489,2988,1809,1179,80724,39365,41359,3803,2414,1389,69317,35350,33967,2703,1915,788,220110,116672,103438,6792,5339,1453,68344,35019,33325,800,710,90,KARIMGANJ,ASSAM,2001
112858,56340,56518,2647,1318,1329,100876,50614,50262,3675,2057,1618,82193,41297,40896,3626,2314,1312,279937,146816,133121,10055,7259,2796,86228,43141,43087,1726,1469,257,KARIMGANJ,ASSAM,2011
76730,37210,39520,1320,980,340,74287,36778,37509,1540,1200,340,53467,28303,25164,1180,920,260,141923,79132,62791,2123,1943,180,39108,22190,16918,140,120,20,KOKRAJHAR,ASSAM,1991
73634,35561,38073,1502,1003,499,76998,36111,40887,2803,2016,787,67061,33493,33568,2578,2029,549,190291,103867,86424,4451,3816,635,46360,23538,22822,247,233,14,KOKRAJHAR,ASSAM,2001
81497,39679,41818,2115,1200,915,79246,39920,39326,3159,2000,1159,63643,31687,31956,2606,1744,862,215742,112568,103174,7421,5871,1550,54286,26827,27459,676,598,78,KOKRAJHAR,ASSAM,2011
67027,32831,34196,1951,1271,680,62411,31433,30978,2725,1910,815,48960,25752,23208,2100,1650,450,133017,74190,58827,3480,3150,330,39748,22021,17727,250,230,20,LAKHIMPUR,ASSAM,1991
81718,39819,41899,3344,1982,1362,76290,36996,39294,5072,3222,1850,62727,31496,31231,4185,2946,1239,185763,101012,84751,8625,7079,1546,51175,26936,24239,645,583,62,LAKHIMPUR,ASSAM,2001
95594,45629,49965,6125,2997,3128,93980,45488,48492,8442,4666,3776,81142,40559,40583,6891,4194,2697,252262,132733,119529,16634,12222,4412,69083,35379,33704,1596,1401,195,LAKHIMPUR,ASSAM,2011
51857,25180,26677,770,540,230,55627,26856,28771,1430,980,450,41698,22038,19660,1168,928,240,115464,62845,52619,1744,1584,160,36506,19906,16600,60,60,0,MARIGAON,ASSAM,1991
63310,31363,31947,1970,1206,764,64838,31043,33795,2649,1723,926,55358,27795,27563,2112,1544,568,159280,85781,73499,4302,3580,722,45639,23007,22632,266,248,18,MARIGAON,ASSAM,2001
85234,41056,44178,2439,1273,1166,82688,40912,41776,3365,1965,1400,67532,33840,33692,2955,1890,1065,213981,111194,102787,7577,5692,1885,61982,30711,31271,682,624,58,MORIGAON,ASSAM,2011
170612,85945,84667,4740,3020,1720,167113,80510,86603,5460,3760,1700,128681,68220,60461,4406,3200,1206,348841,193833,155008,8350,7150,1200,114022,61745,52277,530,520,10,NAGAON,ASSAM,1991
193569,97445,96124,7294,4144,3150,195568,94688,100880,10403,6316,4087,166780,84305,82475,8551,5825,2726,483317,261061,222256,17934,13938,3996,147002,74740,72262,1758,1602,156,NAGAON,ASSAM,2001
255222,124381,130841,8376,4020,4356,244191,121158,123033,12053,6339,5714,199547,100308,99239,10545,6194,4351,653415,341510,311905,30602,21380,9222,191184,97085,94099,4162,3517,645,NAGAON,ASSAM,2011
94729,48282,46447,2830,1990,840,90531,45749,44782,4320,3550,770,67174,34458,32716,3030,2420,610,197498,106606,90892,4810,4460,350,54716,28856,25860,210,210,0,NALBARI,ASSAM,1991
103055,52282,50773,4923,2882,2041,104879,51528,53351,7332,4839,2493,87841,45249,42592,5770,4304,1466,258209,140208,118001,11294,9762,1532,75246,37367,37879,910,869,41,NALBARI,ASSAM,2001
73124,36417,36707,4703,2234,2469,72423,35542,36881,6775,3639,3136,61165,30987,30178,6016,3694,2322,204979,109883,95096,16298,12512,3786,62985,31013,31972,1912,1747,165,NALBARI,ASSAM,2011
13870,7160,6710,180,100,80,14792,7595,7197,490,340,150,10579,5890,4689,660,590,70,30632,18410,12222,960,860,100,6050,3730,2320,30,30,0,NORTH CACHAR HILLS,ASSAM,1991
17238,8795,8443,581,319,262,16894,8514,8380,962,622,340,13840,7589,6251,838,591,247,41952,24247,17705,1651,1386,265,8605,4855,3750,87,75,12,NORTH CACHAR HILLS,ASSAM,2001
85654,41071,44583,3640,1970,1670,84563,42569,41994,3920,2430,1490,65857,35752,30105,3330,2380,950,187671,107639,80032,6370,5320,1050,47504,28034,19470,350,320,30,SIBSAGAR,ASSAM,1991
97274,48327,48947,5025,2562,2463,96143,47051,49092,6907,3809,3098,84199,42615,41584,5592,3438,2154,254145,140747,113398,12793,9575,3218,64472,34853,29619,1324,1197,127,SIBSAGAR,ASSAM,2001
108099,52081,56018,7709,3455,4254,106906,52483,54423,9565,4778,4787,91388,46077,45311,7499,4191,3308,326023,172321,153702,20355,13348,7007,85246,44989,40257,3168,2651,517,SIVASAGAR,ASSAM,2011
128974,63767,65207,4060,2510,1550,132650,65488,67162,4610,3410,1200,100955,54008,46947,3750,2790,960,283092,162451,120641,7450,6200,1250,71840,41170,30670,530,400,130,SONITPUR,ASSAM,1991
145612,72621,72991,5952,3330,2622,145738,71235,74503,7962,4808,3154,125734,63572,62162,6568,4411,2157,385213,213494,171719,14246,11172,3074,93987,50096,43891,1341,1198,143,SONITPUR,ASSAM,2001
177180,84940,92240,6324,3039,3285,176490,87655,88835,9477,5059,4418,145666,74262,71404,8329,4888,3441,486394,257470,228924,23087,16186,6901,130827,69239,61588,3245,2716,529,SONITPUR,ASSAM,2011
86592,42844,43748,2599,1560,1039,90097,45274,44823,3750,2460,1290,70186,38151,32035,2830,2000,830,194953,112696,82257,5500,4630,870,45186,26836,18350,350,330,20,TINSUKIA,ASSAM,1991
103851,52033,51818,3238,1718,1520,102428,51363,51065,4852,2659,2193,87047,44492,42555,4311,2708,1603,263770,146781,116989,11522,8828,2694,62748,33873,28875,990,876,114,TINSUKIA,ASSAM,2001
129219,62089,67130,5883,2782,3101,124908,62195,62713,7413,3769,3644,102664,52484,50180,5536,3136,2400,340206,180201,160005,16986,11314,5672,84665,44029,40636,2527,2105,422,TINSUKIA,ASSAM,2011
78545,38259,40286,2042,1092,950,76715,38080,38635,2695,1624,1071,62586,30985,31601,2044,1368,676,215504,112098,103406,5290,4187,1103,53390,27002,26388,358,321,37,UDALGURI,ASSAM,2011
120882,57890,62992,3770,3270,500,126728,61363,65365,3690,3320,370,117745,57800,59945,2670,2470,200,319721,176535,143186,5200,4950,250,95887,56047,39840,380,370,10,ARARIA,BIHAR,1991
155309,76370,78939,3346,2685,661,157184,76851,80333,5603,4733,870,148364,72103,76261,5334,4612,722,443817,237078,206739,11610,10647,963,116295,62832,53463,923,896,27,ARARIA,BIHAR,2001
208174,105196,102978,6103,4399,1704,204931,102392,102539,6598,5060,1538,185551,91592,93959,4863,3833,1030,581963,305702,276261,17162,15003,2159,168589,92380,76209,2042,1928,114,ARARIA,BIHAR,2011
53198,27608,25590,2780,2024,756,50385,25057,25328,3153,2412,741,48146,23998,24148,2588,2061,527,149637,77646,71991,8793,7855,938,56798,30477,26321,1309,1257,52,ARWAL,BIHAR,2011
129329,63490,65839,6604,5760,844,111158,56572,54586,5740,5310,430,99808,48650,51158,3250,2980,270,320131,169173,150958,7654,7254,400,106421,60893,45528,830,800,30,AURANGABAD,BIHAR,1991
160853,78867,81986,6637,5238,1399,145499,71385,74114,10989,9145,1844,135839,66923,68916,9959,8683,1276,412104,216135,195969,18206,16856,1350,140943,77962,62981,2167,2094,73,AURANGABAD,BIHAR,2001
195979,101220,94759,12704,8454,4250,190339,95495,94844,14240,10434,3806,175944,87842,88102,11008,8424,2584,532494,278561,253933,34615,30016,4599,197081,106971,90110,4901,4610,291,AURANGABAD,BIHAR,2011
119174,60438,58736,3035,2480,555,117538,57565,59973,5134,4304,830,111405,55098,56307,4719,4083,636,348716,183802,164914,10121,9287,834,109859,57985,51874,1475,1427,48,BANKA,BIHAR,2001
157870,82760,75110,6172,4325,1847,155237,77588,77649,6429,4762,1667,141306,71419,69887,4913,3702,1211,441767,231876,209891,16349,13955,2394,157870,82913,74957,2819,2645,174,BANKA,BIHAR,2011
135807,67160,68647,7180,5280,1900,124288,61600,62688,7018,5580,1438,118089,56990,61099,4080,3370,710,379694,201990,177704,11100,10210,890,111573,60640,50933,1040,980,60,BEGUSARAI,BIHAR,1991
187186,94328,92858,7542,5261,2281,167892,82688,85204,12216,9076,3140,152113,75491,76622,11031,8537,2494,479993,248553,231440,22970,19596,3374,146463,77401,69062,3158,2983,175,BEGUSARAI,BIHAR,2001
245902,129191,116711,16015,10272,5743,230578,116743,113835,16032,10883,5149,206795,105499,101296,11975,8292,3683,600277,315510,284767,38396,29837,8559,207798,109718,98080,6688,6018,670,BEGUSARAI,BIHAR,2011
249290,127256,122034,13720,10510,3210,234353,118383,115970,11930,10220,1710,224280,112442,111838,9250,7890,1360,675271,364951,310320,21886,20196,1690,210144,117254,92890,2460,2280,180,BHAGALPUR,BIHAR,1991
185548,101601,83947,11100,7610,3490,173917,88490,85427,16047,12055,3992,160408,81032,79376,13261,10271,2990,513626,274143,239483,32868,27777,5091,160873,86352,74521,5275,4965,310,BHAGALPUR,BIHAR,2001
246480,135459,111021,20759,13117,7642,231196,119337,111859,22563,15158,7405,207274,106314,100960,16819,11723,5096,644721,342732,301989,52045,40788,11257,220319,118745,101574,10366,9347,1019,BHAGALPUR,BIHAR,2011
234544,117646,116898,13470,11500,1970,207635,106185,101450,12238,10638,1600,183821,90370,93451,7910,7160,750,596057,305456,290601,16830,15750,1080,207961,115661,92300,2274,2224,50,BHOJPUR,BIHAR,1991
176220,91801,84419,10367,8170,2197,161822,81016,80806,15022,12451,2571,149456,74088,75368,12116,10377,1739,467176,241139,226037,26159,23668,2491,167458,91956,75502,4132,3981,151,BHOJPUR,BIHAR,2001
217957,117121,100836,20447,13922,6525,203981,103208,100773,21157,15405,5752,187150,92852,94298,15616,11896,3720,593180,305878,287302,44560,37860,6700,220131,118820,101311,8047,7528,519,BHOJPUR,BIHAR,2011
105777,54182,51595,5673,4491,1182,100297,49631,50666,8490,7129,1361,93347,45994,47353,6998,6086,912,292924,152296,140628,14823,13676,1147,107126,58561,48565,2341,2250,91,BUXAR,BIHAR,2001
129313,67837,61476,11545,7663,3882,122622,60818,61804,12391,8955,3436,112922,55331,57591,8699,6561,2138,368900,188903,179997,25500,22059,3441,147548,79800,67748,4735,4483,252,BUXAR,BIHAR,2011
193609,94900,98709,12040,10070,1970,187378,90962,96416,10570,9050,1520,178214,86035,92179,6323,5643,680,530488,279817,250671,15700,14710,990,154708,82494,72214,1770,1720,50,DARBHANGA,BIHAR,1991
250663,126780,123883,11796,8927,2869,231200,114234,116966,17518,13783,3735,218831,106110,112721,15141,12335,2806,691599,361855,329744,33435,29406,4029,211815,108390,103425,4618,4400,218,DARBHANGA,BIHAR,2001
308335,164707,143628,19278,12879,6399,281655,141976,139679,20817,14527,6290,260582,129900,130682,16632,12193,4439,843458,436013,407445,52062,42793,9269,291245,150450,140795,8933,8296,637,DARBHANGA,BIHAR,2011
73532,36672,36860,2710,2230,480,68922,35421,33501,3288,2958,330,68005,34456,33549,2240,1800,440,192570,103057,89513,5147,4660,487,53486,29496,23990,620,610,10,DEOGHAR,BIHAR,1991
212698,117105,95593,20050,14380,5670,196884,101374,95510,17203,12503,4700,187646,95546,92100,14650,11730,2920,636353,382787,253566,40936,35590,5346,94777,51717,43060,1890,1720,170,DHANBAD,BIHAR,1991
125809,60569,65240,2789,2269,520,124387,61908,62479,2700,2280,420,112313,57947,54366,1865,1645,220,337021,176980,160041,3891,3680,211,81325,41710,39615,320,310,10,DUMKA,BIHAR,1991
223853,110026,113827,13870,11020,2850,195290,99480,95810,11020,9530,1490,176273,89564,86709,6320,5360,960,541884,286041,255843,15850,14690,1160,173970,96389,77581,1710,1640,70,GAYA,BIHAR,1991
284254,139590,144664,13126,9626,3500,253707,125586,128121,19737,15353,4384,235817,117082,118735,16713,13672,3041,700228,368539,331689,32696,28632,4064,230859,124932,105927,4258,4000,258,GAYA,BIHAR,2001
353243,181031,172212,20951,13596,7355,331833,165836,165997,24113,17043,7070,294317,147701,146616,18758,13637,5121,880199,458574,421625,52327,42891,9436,299447,160171,139276,8246,7482,764,GAYA,BIHAR,2011
183279,89789,93490,6478,5018,1460,170843,84328,86515,6640,5630,1010,151603,75532,76071,4620,3970,650,467647,248029,219618,9295,8577,718,116892,63162,53730,620,600,20,GIRIDIH,BIHAR,1991
68134,33963,34171,2120,1770,350,68259,33837,34422,2410,2200,210,64061,32370,31691,1420,1320,100,191318,102239,89079,3160,3020,140,51210,27780,23430,280,270,10,GODDA,BIHAR,1991
121712,57712,64000,3530,2880,650,114575,53363,61212,3313,2943,370,108670,48362,60308,1940,1790,150,364948,180428,184520,5130,4840,290,113260,62350,50910,410,410,0,GOPALGANJ,BIHAR,1991
147617,69241,78376,4265,3273,992,140041,62625,77416,6128,5042,1086,132612,58893,73719,4703,4026,677,448513,218557,229956,11923,10886,1037,156361,81840,74521,1474,1435,39,GOPALGANJ,BIHAR,2001
184707,91622,93085,12428,7501,4927,173241,78249,94992,11042,7425,3617,162609,71764,90845,7267,5263,2004,542343,258068,284275,19594,16466,3128,211912,110666,101246,3797,3530,267,GOPALGANJ,BIHAR,2011
86056,39550,46506,3420,2310,1110,84552,41324,43228,3460,2780,680,75775,36080,39695,2445,2030,415,279614,143155,136459,4721,4139,582,74330,39660,34670,260,240,20,GUMLA,BIHAR,1991
227625,113340,114285,11270,8470,2800,207750,101813,105937,10680,8610,2070,187238,93388,93850,7752,6612,1140,593143,318952,274191,15590,13970,1620,147936,76376,71560,1180,1100,80,HAZARIBAG,BIHAR,1991
110192,55366,54826,2567,2076,491,102228,50198,52030,3783,3107,676,94939,47661,47278,3226,2784,442,294359,154840,139519,6454,5936,518,84693,45210,39483,818,784,34,JAMUI,BIHAR,2001
143841,73967,69874,5210,3743,1467,138761,69020,69741,5474,4117,1357,122841,62820,60021,4007,3070,937,372150,194762,177388,10878,9295,1583,124077,66338,57739,1789,1694,95,JAMUI,BIHAR,2011
102760,49408,53352,5340,4640,700,87484,43450,44034,4470,4080,390,78210,39376,38834,2720,2510,210,237893,125426,112467,5695,5465,230,87699,49703,37996,730,710,20,JEHANABAD,BIHAR,1991
123884,61151,62733,5596,4452,1144,112522,55637,56885,9314,7713,1601,105221,51937,53284,8598,7356,1242,312362,163580,148782,15229,14095,1134,111428,60943,50485,2196,2120,76,JEHANABAD,BIHAR,2001
87943,45094,42849,5458,3698,1760,83948,41890,42058,6584,4840,1744,79563,40134,39429,5617,4307,1310,240239,125502,114737,17410,14815,2595,89886,48274,41612,2942,2805,137,JEHANABAD,BIHAR,2011
95406,46968,48438,4202,3324,878,89936,45115,44821,6060,5161,899,85979,42500,43479,5251,4619,632,267131,140582,126549,11198,10492,706,94662,51154,43508,1336,1290,46,KAIMUR BHABUA,BIHAR,2001
118335,61113,57222,11020,7375,3645,114938,57753,57185,10818,7889,2929,105874,52449,53425,7335,5618,1717,344759,179529,165230,20272,17668,2604,129588,69109,60479,3125,2911,214,KAIMUR BHABUA,BIHAR,2011
137648,69171,68477,5320,4230,1090,138920,66757,72163,4392,3660,732,127997,63346,64651,2890,2580,310,365026,200049,164977,7651,7151,500,103521,56921,46600,640,620,20,KATIHAR,BIHAR,1991
170164,86307,83857,5649,4167,1482,168850,82701,86149,8793,6938,1855,161729,79678,82051,7596,6245,1351,491923,261287,230636,15628,13796,1832,131199,67722,63477,1760,1640,120,KATIHAR,BIHAR,2001
242945,127163,115782,9069,5880,3189,224575,114052,110523,10038,6983,3055,197318,99018,98300,7401,5486,1915,635903,334403,301500,23180,19307,3873,180665,95317,85348,3179,2969,210,KATIHAR,BIHAR,2011
73236,36559,36677,2780,2250,530,70726,35780,34946,2479,2130,349,69290,34679,34611,1710,1500,210,209343,114108,95235,3870,3560,310,62341,34280,28061,460,430,30,KHAGARIA,BIHAR,1991
98059,49730,48329,2829,2117,712,90584,45435,45149,4660,3740,920,83921,41651,42270,4167,3444,723,258329,136888,121441,8480,7530,950,77100,41047,36053,1128,1085,43,KHAGARIA,BIHAR,2001
130795,67910,62885,5690,3838,1852,122983,62588,60395,6120,4307,1813,111990,56632,55358,4539,3388,1151,332270,176746,155524,13632,11168,2464,107067,57374,49693,2305,2133,172,KHAGARIA,BIHAR,2011
76052,40531,35521,1781,1520,261,77007,37687,39320,1870,1640,230,69252,33682,35570,1290,1150,140,198609,107659,90950,2590,2440,150,52543,30145,22398,200,190,10,KISHANGANJ,BIHAR,1991
91608,48830,42778,1878,1466,412,91352,44770,46582,2965,2501,464,86009,41630,44379,2438,2148,290,269104,141920,127184,5772,5378,394,63000,32487,30513,565,533,32,KISHANGANJ,BIHAR,2001
126113,66333,59780,2963,2028,935,117678,58917,58761,3352,2455,897,102972,50634,52338,2644,2017,627,352225,183251,168974,8406,7351,1055,94364,49392,44972,1011,940,71,KISHANGANJ,BIHAR,2011
62083,30722,31361,1971,1448,523,56765,27957,28808,3405,2673,732,51155,25301,25854,3161,2606,555,165465,85996,79469,6442,5774,668,52579,27718,24861,845,823,22,LAKHISARAI,BIHAR,2001
78164,40838,37326,3711,2542,1169,74760,37527,37233,3905,2818,1087,68206,34469,33737,2819,2103,716,208093,109358,98735,9984,8171,1813,73196,39350,33846,1748,1621,127,LAKHISARAI,BIHAR,2011
20495,9773,10722,1296,936,360,19929,9300,10629,1000,760,240,18636,8601,10035,760,600,160,65593,34038,31555,1290,1150,140,17600,9310,8290,80,80,0,LOHARDAGA,BIHAR,1991
93355,43710,49645,4500,3920,580,90509,45210,45299,4950,4490,460,88549,43716,44833,2814,2574,240,244497,134875,109622,5070,4740,330,71939,40259,31680,440,400,40,MADHEPURA,BIHAR,1991
114103,54910,59193,3541,2844,697,110585,53733,56852,6658,5490,1168,105558,51503,54055,6951,5860,1091,322775,171123,151652,13205,11865,1340,87294,46580,40714,1134,1087,47,MADHEPURA,BIHAR,2001
150313,73582,76731,5275,3663,1612,149859,74348,75511,5842,4345,1497,138982,69539,69443,4964,3788,1176,421076,221835,199241,20862,17659,3203,126559,68999,57560,2816,2627,189,MADHEPURA,BIHAR,2011
224985,106680,118305,12720,11330,1390,221065,107540,113525,10990,10160,830,205761,98859,106902,6740,6270,470,603814,318577,285237,15966,15327,639,182603,96173,86430,1640,1620,20,MADHUBANI,BIHAR,1991
268176,130437,137739,10675,8709,1966,257410,123807,133603,16803,14125,2678,244821,116848,127973,15192,13112,2080,776406,401799,374607,33250,30665,2585,237441,120761,116680,4399,4257,142,MADHUBANI,BIHAR,2001
340878,177729,163149,22543,16175,6368,328768,162960,165808,22773,16937,5836,308226,151964,156262,18014,13761,4253,975214,503986,471228,56900,48952,7948,337883,176014,161869,9642,9207,435,MADHUBANI,BIHAR,2011
247894,126474,121420,12624,9694,2930,223834,114010,109824,11810,10029,1781,205975,103918,102057,7430,6330,1100,648409,346021,302388,17980,16420,1560,192338,107334,85004,2120,2020,100,MUNGER,BIHAR,1991
90326,50053,40273,6034,4345,1689,80652,41407,39245,8707,6694,2013,75019,37619,37400,6841,5283,1558,248680,131825,116855,16162,13618,2544,77355,40418,36937,2460,2299,161,MUNGER,BIHAR,2001
113935,62635,51300,10247,6363,3884,106890,55217,51673,11077,7367,3710,96091,49795,46296,8141,5813,2328,305772,161984,143788,24353,19154,5199,103169,54209,48960,4387,3950,437,MUNGER,BIHAR,2011
221083,110009,111074,13050,9450,3600,210472,101752,108720,9963,7810,2153,208897,101549,107348,7810,6460,1350,653084,343704,309380,20574,18204,2370,200441,108067,92374,2510,2440,70,MUZAFFARPUR,BIHAR,1991
281630,141454,140176,21659,14576,7083,258096,124742,133354,28782,20174,8608,250719,120388,130331,22842,16421,6421,820005,421870,398135,56371,44800,11571,261312,136435,124877,8801,7889,912,MUZAFFARPUR,BIHAR,2001
375457,202206,173251,27840,17171,10669,354796,177894,176902,30016,19393,10623,331339,165776,165563,22751,15216,7535,1041941,540503,501438,66556,50262,16294,403017,215321,187696,13380,11770,1610,MUZAFFARPUR,BIHAR,2011
170752,87642,83110,12750,10600,2150,144441,72352,72089,11170,9570,1600,131405,65790,65615,6550,5780,770,412842,220205,192637,13542,12682,860,138636,78166,60470,1460,1410,50,NALANDA,BIHAR,1991
191083,96961,94122,14382,10454,3928,175263,87466,87797,22481,16853,5628,160650,80932,79718,20260,15902,4358,499168,262114,237054,41261,36040,5221,167616,90736,76880,6603,6275,328,NALANDA,BIHAR,2001
224277,115678,108599,16531,11276,5255,214586,107296,107290,19309,14224,5085,199555,100206,99349,14838,11181,3657,612616,319150,293466,48289,40238,8051,233155,122867,110288,8317,7842,475,NALANDA,BIHAR,2011
115582,55413,60169,3979,3410,569,99438,48760,50678,3330,3110,220,87399,43994,43405,1690,1480,210,279531,146113,133418,4725,4515,210,92280,50550,41730,410,400,10,NAWADA,BIHAR,1991
142904,69678,73226,5103,3982,1121,129927,63117,66810,8192,6689,1503,120451,59991,60460,7419,6356,1063,370649,193453,177196,13357,12238,1119,123773,65996,57777,1619,1550,69,NAWADA,BIHAR,2001
178115,90908,87207,9438,6564,2874,165356,82315,83041,9795,7272,2523,148373,74292,74081,7192,5564,1628,466545,241214,225331,21976,18918,3058,159515,85430,74085,3483,3269,214,NAWADA,BIHAR,2011
191806,92617,99189,6210,5190,1020,169144,83395,85749,5460,4720,740,158442,81382,77060,3490,2950,540,498480,264392,234088,8453,7690,763,154641,86071,68570,650,620,30,PALAMU,BIHAR,1991
176172,89713,86459,4880,4110,770,178552,90608,87944,4680,4130,550,166998,83590,83408,3270,2770,500,515299,279130,236169,7950,7140,810,139283,78003,61280,790,660,130,PASHCHIM CHAMPARAN,BIHAR,1991
227960,115347,112613,5717,4372,1345,225594,111629,113965,8382,6922,1460,213194,106247,106947,7071,6126,945,657773,350822,306951,16680,15119,1561,184577,100143,84434,1853,1769,84,PASHCHIM CHAMPARAN,BIHAR,2001
278401,146737,131664,12497,8362,4135,282323,139565,142758,12337,8884,3453,274148,136647,137501,8981,6865,2116,843347,444094,399253,26337,22586,3751,268503,146087,122416,4161,3834,327,PASHCHIM CHAMPARAN,BIHAR,2011
148015,71715,76300,7380,5000,2380,147797,75206,72591,6650,5430,1220,122629,61039,61590,4842,3942,900,417984,221464,196520,9639,8500,1139,96013,46693,49320,650,610,40,PASHCHIMI SINGHBHUM,BIHAR,1991
317385,167734,149651,49760,36770,12990,270671,141604,129067,40729,30754,9975,239148,123774,115374,24610,19120,5490,744791,403736,341055,66076,56963,9113,247410,140885,106525,9340,8750,590,PATNA,BIHAR,1991
407016,220981,186035,49403,33125,16278,360567,187085,173482,72827,51623,21204,329801,168666,161135,60380,44055,16325,1039458,556368,483090,141806,113173,28633,314112,171284,142828,23759,21493,2266,PATNA,BIHAR,2001
492670,260913,231757,68937,40353,28584,463139,235105,228034,80621,50156,30465,425675,217524,208151,66585,43338,23247,1324838,697750,627088,215728,157929,57799,447779,240188,207591,42428,36510,5918,PATNA,BIHAR,2011
228706,113539,115167,7720,6530,1190,221448,110878,110570,6380,5670,710,221435,109930,111505,3840,3400,440,671541,360710,310831,10887,10277,610,183965,102535,81430,1120,1080,40,PURBA CHAMPARAN,BIHAR,1991
294093,146497,147596,7805,5973,1832,282955,138078,144877,11954,9806,2148,266068,131169,134899,10031,8538,1493,851445,445433,406012,22919,20706,2213,243427,132961,110466,2978,2862,116,PURBA CHAMPARAN,BIHAR,2001
365803,190512,175291,16680,11546,5134,369855,182548,187307,16572,12095,4477,348944,173132,175812,12679,9521,3158,1071208,555685,515523,36904,31274,5630,350197,193016,157181,6431,5943,488,PURBA CHAMPARAN,BIHAR,2011
146096,75249,70847,18260,11400,6860,137698,70258,67440,16980,11780,5200,114286,58320,55966,11990,8460,3530,383591,212914,170677,29345,23935,5410,89279,45073,44206,2222,1940,282,PURBI SINGHBHUM,BIHAR,1991
144210,72120,72090,5720,4590,1130,146172,70826,75346,5904,5020,884,137487,68033,69454,3810,3400,410,389805,212947,176858,8339,7829,510,106664,61289,45375,850,850,0,PURNIA,BIHAR,1991
183787,92521,91266,8342,5981,2361,181021,88892,92129,12018,9074,2944,174550,85054,89496,10925,8474,2451,535589,285133,250456,25684,21761,3923,138281,74017,64264,3575,3284,291,PURNIA,BIHAR,2001
250487,127770,122717,9589,6207,3382,233354,116778,116576,10579,7391,3188,210625,105052,105573,8363,6119,2244,667018,350025,316993,27388,22650,4738,191605,104478,87127,4204,3858,346,PURNIA,BIHAR,2011
181742,94165,87577,22540,14590,7950,173694,89803,83891,19127,13130,5997,152371,75164,77207,12711,9021,3690,505221,274477,230744,33030,26660,6370,118790,61180,57610,3010,2760,250,RANCHI,BIHAR,1991
237170,118380,118790,12670,10710,1960,209633,107460,102173,11380,10030,1350,187701,94924,92777,8020,7260,760,610066,323665,286401,16438,15558,880,196728,111828,84900,1580,1540,40,ROHTAS,BIHAR,1991
192186,98161,94025,11741,9013,2728,180716,90315,90401,17997,14666,3331,168734,84047,84687,15129,12751,2378,511128,269095,242033,29914,27245,2669,167663,91680,75983,3518,3392,126,ROHTAS,BIHAR,2001
233349,123179,110170,27719,18173,9546,224080,113016,111064,28086,19801,8285,206885,103124,103761,19555,14568,4987,643503,334813,308690,53228,45172,8056,230547,123123,107424,7995,7462,533,ROHTAS,BIHAR,2011
200179,95319,104860,10000,8540,1460,195714,95921,99793,8880,7780,1100,185869,92027,93842,5519,4910,609,496826,272391,224435,12164,11530,634,161090,86050,75040,980,970,10,SAHARSA,BIHAR,1991
116471,56778,59693,4689,3615,1074,107487,53032,54455,8158,6545,1613,102687,50051,52636,7564,6240,1324,316297,167761,148536,15271,13569,1702,87908,45484,42424,1574,1524,50,SAHARSA,BIHAR,2001
147119,72673,74446,6990,4614,2376,143388,72283,71105,8304,5971,2333,130181,65813,64368,6825,5097,1728,393892,206895,186997,24793,20640,4153,125660,66498,59162,3422,3229,193,SAHARSA,BIHAR,2011
107211,51504,55707,2550,2010,540,104760,50643,54117,2450,1980,470,98448,50037,48411,2060,1820,240,276324,151038,125286,4220,3820,400,65416,33256,32160,440,430,10,SAHIBGANJ,BIHAR,1991
197334,95590,101744,11120,8980,2140,189967,89787,100180,9350,8080,1270,188521,89757,98764,5940,5200,740,583248,303744,279504,15310,14130,1180,176015,91655,84360,1570,1490,80,SAMASTIPUR,BIHAR,1991
258032,126240,131792,8015,5926,2089,234337,113774,120563,14515,11272,3243,219666,106878,112788,14051,11450,2601,710083,367093,342990,29760,26121,3639,228818,118001,110817,3580,3425,155,SAMASTIPUR,BIHAR,2001
341312,177620,163692,19786,12832,6954,315772,157470,158302,19551,13493,6058,288854,145097,143757,13927,9997,3930,877167,453888,423279,48315,39287,9028,316130,166790,149340,8408,7825,583,SAMASTIPUR,BIHAR,2011
191019,93349,97670,8980,7490,1490,167330,76740,90590,7270,6470,800,156068,70967,85101,4630,4180,450,528744,253987,274757,12431,11501,930,190500,102600,87900,1430,1400,30,SARAN,BIHAR,1991
226104,111906,114198,8960,6996,1964,210586,96893,113693,12945,10540,2405,199966,91975,107991,10707,9064,1643,667619,325372,342247,25375,22689,2686,258474,135051,123423,4123,3950,173,SARAN,BIHAR,2001
293745,155523,138222,24734,16535,8199,272694,132453,140241,22682,16430,6252,254354,120287,134067,15110,11247,3863,829514,411473,418041,43229,36242,6987,348549,182174,166375,9189,8576,613,SARAN,BIHAR,2011
41231,20653,20578,1529,1168,361,36959,18246,18713,2503,2007,496,33513,16624,16889,2235,1839,396,108213,56380,51833,4655,4213,442,35232,18941,16291,711,687,24,SHEIKHPURA,BIHAR,2001
48697,24819,23878,2533,1763,770,45798,22706,23092,2520,1869,651,42064,20663,21401,1959,1508,451,131003,67898,63105,6864,5803,1061,48876,26030,22846,1315,1247,68,SHEIKHPURA,BIHAR,2011
38687,19584,19103,843,705,138,36674,18349,18325,1255,1082,173,35335,17476,17859,1116,949,167,111068,58566,52502,2763,2538,225,35410,18825,16585,378,367,11,SHEOHAR,BIHAR,2001
47865,25179,22686,1740,1215,525,45786,23177,22609,1860,1388,472,42958,21507,21451,1465,1119,346,134521,70613,63908,3841,3289,552,55828,30046,25782,811,765,46,SHEOHAR,BIHAR,2011
176096,87640,88456,5450,4620,830,171374,82761,88613,4550,3950,600,175687,86585,89102,4250,3780,470,537492,284528,252964,9665,9190,475,171945,92825,79120,1000,990,10,SITAMARHI,BIHAR,1991
203195,103020,100175,5862,4588,1274,192174,95685,96489,8425,6776,1649,183557,91582,91975,7288,5983,1305,587541,307745,279796,18309,16274,2035,174451,90342,84109,2335,2240,95,SITAMARHI,BIHAR,2001
256750,134693,122057,11353,7573,3780,242891,122183,120708,12498,8817,3681,228548,114720,113828,9674,7196,2478,710540,370658,339882,27725,22666,5059,249929,133751,116178,5274,4896,378,SITAMARHI,BIHAR,2011
152657,70782,81875,5520,4710,810,136591,59868,76723,4510,3950,560,130346,56004,74342,3090,2750,340,447968,208904,239064,8580,8130,450,161442,88002,73440,990,970,20,SIWAN,BIHAR,1991
187632,87197,100435,11576,8439,3137,169972,74534,95438,14448,11128,3320,158618,68432,90186,10881,8713,2168,549875,258694,291181,26154,22756,3398,216146,112130,104016,4545,4273,272,SIWAN,BIHAR,2001
250016,130831,119185,17234,11056,6178,230307,108792,121515,16309,11342,4967,215126,98616,116510,11646,8696,2950,698523,338882,359641,30547,25671,4876,298247,154643,143604,6082,5651,431,SIWAN,BIHAR,2011
130640,62193,68447,3538,2894,644,128916,62882,66034,6318,5372,946,122617,59918,62699,6265,5481,784,357411,191108,166303,11639,10685,954,100089,52273,47816,861,822,39,SUPAUL,BIHAR,2001
164616,79092,85524,5716,4076,1640,169343,83904,85439,5879,4394,1485,154490,76857,77633,4787,3774,1013,470303,246475,223828,19172,16812,2360,147837,78430,69407,2052,1934,118,SUPAUL,BIHAR,2011
156904,77884,79020,6540,5190,1350,148640,70680,77960,5910,4940,970,143049,67284,75765,3615,3110,505,453026,230785,222241,9956,9101,855,153627,81398,72229,880,820,60,VAISHALI,BIHAR,1991
203940,103220,100720,7371,5733,1638,187083,89156,97927,11675,9496,2179,177118,85299,91819,9640,7992,1648,575231,292914,282317,21411,18959,2452,199182,105455,93727,3060,2939,121,VAISHALI,BIHAR,2001
281636,152136,129500,19343,13005,6338,259079,130231,128848,19131,13726,5405,238959,119617,119342,13602,10010,3592,719626,372910,346716,36472,29690,6782,286579,152234,134345,7226,6681,545,VAISHALI,BIHAR,2011
103533,60442,43091,20440,9843,10597,93095,52897,40198,23444,11990,11454,74786,42125,32661,18193,9774,8419,228545,130216,98329,66055,39739,26316,44912,23744,21168,10191,7705,2486,CHANDIGARH,CHANDIGARH,2001
121244,68467,52777,29285,14051,15234,110237,60694,49543,35654,17857,17797,90803,49625,41178,26337,13526,12811,294812,161580,133232,83474,46147,37327,67078,34833,32245,19654,13139,6515,CHANDIGARH,CHANDIGARH,2011
99586,46347,53239,3097,1754,1343,104106,50919,53187,4347,2759,1588,97967,47592,50375,3691,2471,1220,309160,158717,150443,7864,6082,1782,74518,33896,40622,511,446,65,BASTAR,CHHATTISGARH,2001
133562,63617,69945,3945,1967,1978,116510,59051,57459,6994,4015,2979,99622,49330,50292,5850,3705,2145,357112,177903,179209,13540,9500,4040,90992,41063,49929,1257,991,266,BASTAR,CHHATTISGARH,2011
23310,10948,12362,569,360,209,22331,11745,10586,1095,766,329,17574,8832,8742,956,742,214,60718,30721,29997,1301,1040,261,9437,4026,5411,40,36,4,BIJAPUR,CHHATTISGARH,2011
167025,85138,81887,14327,8870,5457,155508,78324,77184,17132,11477,5655,143498,71355,72143,13028,8974,4054,442011,223265,218746,26385,19841,6544,145928,67321,78607,2902,2501,401,BILASPUR,CHHATTISGARH,2001
240967,122943,118024,18446,9596,8850,212085,108405,103680,27162,15854,11308,189933,94532,95401,23728,15095,8633,638754,326192,312562,57430,40153,17277,206459,97076,109383,7488,6016,1472,BILASPUR,CHHATTISGARH,2011
50796,23610,27186,1515,739,776,46543,23701,22842,2958,1676,1282,38611,19412,19199,2609,1696,913,135458,67640,67818,4404,3179,1225,24289,10107,14182,214,176,38,DAKSHIN BASTAR DANTEWADA,CHHATTISGARH,2011
56558,25614,30944,1151,574,577,60481,29683,30798,2022,1234,788,54160,26489,27671,1632,1179,453,169492,86897,82595,3060,2485,575,28539,11484,17055,83,75,8,DANTEWADA,CHHATTISGARH,2001
59727,29956,29771,2959,1969,990,56959,28802,28157,3902,2930,972,53325,25853,27472,2945,2315,630,162100,81963,80137,5699,4777,922,53253,23435,29818,365,336,29,DHAMTARI,CHHATTISGARH,2001
77438,38650,38788,4202,2110,2092,64523,32920,31603,5646,3420,2226,58296,28588,29708,4651,3154,1497,213796,107554,106242,11415,9004,2411,66358,29891,36467,1258,1124,134,DHAMTARI,CHHATTISGARH,2011
238384,120173,118211,18825,9284,9541,232769,115530,117239,25707,14257,11450,215284,107575,107709,21843,14068,7775,657795,333745,324050,45301,32855,12446,206685,96177,110508,5018,4344,674,DURG,CHHATTISGARH,2001
321621,162131,159490,27346,13051,14295,272022,138669,133353,36615,19670,16945,243075,118958,124117,29409,16220,13189,904559,459038,445521,83226,53826,29400,274263,127473,146790,11086,8786,2300,DURG,CHHATTISGARH,2011
101634,52611,49023,6253,4536,1717,91567,46700,44867,7475,5907,1568,87921,42653,45268,5122,4209,913,291357,143238,148119,8796,7838,958,114402,52149,62253,770,750,20,JANJGIR  CHAMPA,CHHATTISGARH,2001
150923,78498,72425,8474,4699,3775,125041,64617,60424,12767,8281,4486,109567,55091,54476,10633,7842,2791,380460,191298,189162,19988,16725,3263,154043,70702,83341,2380,2251,129,JANJGIR  CHAMPA,CHHATTISGARH,2011
50675,24581,26094,2736,1740,996,52351,25351,27000,3680,2718,962,53289,24900,28389,2432,1903,529,189016,95752,93264,4706,4022,684,62128,29732,32396,225,194,31,JASHPUR,CHHATTISGARH,2001
75792,37015,38777,2878,1399,1479,64924,32801,32123,5052,2766,2286,55545,27205,28340,4697,3100,1597,227478,114064,113414,10533,8290,2243,79532,37819,41713,791,678,113,JASHPUR,CHHATTISGARH,2011
74609,37283,37326,2461,1478,983,62870,31952,30918,3405,2318,1087,57616,27987,29629,2999,2202,797,190072,96294,93778,5776,4690,1086,58683,26945,31738,429,394,35,KABEERDHAM,CHHATTISGARH,2011
52180,25700,26480,2056,1364,692,50914,25167,25747,2706,2037,669,47367,22786,24581,2095,1634,461,155627,79301,76326,4082,3476,606,46706,20713,25993,177,164,13,KANKER,CHHATTISGARH,2001
44952,21211,23741,1208,859,349,45552,22100,23452,1740,1370,370,43400,21025,22375,1485,1222,263,125003,62991,62012,2211,1960,251,42604,19371,23233,105,104,1,KAWARDHA,CHHATTISGARH,2001
80250,40959,39291,6190,3818,2372,78484,39051,39433,7234,4865,2369,77392,38097,39295,6207,4199,2008,238724,124963,113761,13457,10323,3134,59574,26923,32651,522,464,58,KORBA,CHHATTISGARH,2001
121363,61440,59923,10686,5428,5258,103287,53626,49661,14064,8233,5831,86470,44015,42455,10179,6658,3521,308781,159041,149740,23562,16950,6612,81187,37258,43929,1594,1318,276,KORBA,CHHATTISGARH,2011
47674,24047,23627,2379,1366,1013,44721,22653,22068,3062,2017,1045,42090,20946,21144,2855,2046,809,139771,73739,66032,5859,4713,1146,35203,17046,18157,217,193,24,KORIYA,CHHATTISGARH,2001
65971,33317,32654,4204,2065,2139,55078,28340,26738,5272,3101,2171,45982,23018,22964,3961,2481,1480,168369,86839,81530,10213,7588,2625,44744,21274,23470,659,567,92,KORIYA,CHHATTISGARH,2011
65867,32194,33673,3251,2211,1040,66046,32757,33289,4147,3163,984,65209,30852,34357,3146,2421,725,212136,106314,105822,6660,5578,1082,74495,32697,41798,350,317,33,MAHASAMUND,CHHATTISGARH,2001
90455,45250,45205,4591,2484,2107,76826,38471,38355,6141,3932,2209,72223,34516,37707,5117,3602,1515,279566,139503,140063,12015,9977,2038,98046,44474,53572,1206,1096,110,MAHASAMUND,CHHATTISGARH,2011
12454,5890,6564,349,182,167,11339,5953,5386,704,472,232,9542,4889,4653,554,411,143,32309,16467,15842,917,738,179,6472,2769,3703,54,47,7,NARAYANPUR,CHHATTISGARH,2011
97437,48258,49179,6106,4065,2041,100284,49814,50470,7248,5322,1926,100524,48684,51840,5546,4385,1161,316083,161490,154593,10747,9187,1560,106543,48866,57677,689,624,65,RAIGARH,CHHATTISGARH,2001
137385,68385,69000,9206,4703,4503,119857,61014,58843,12942,7619,5323,109396,53642,55754,11207,7524,3683,401967,203933,198034,23553,18589,4964,140382,64942,75440,2258,2012,246,RAIGARH,CHHATTISGARH,2011
255839,128838,127001,21450,12561,8889,244632,123301,121331,27681,17674,10007,221018,110214,110804,21529,14720,6809,664822,339462,325360,46409,34576,11833,215272,96637,118635,4616,3965,651,RAIPUR,CHHATTISGARH,2001
387787,194390,193397,32055,15972,16083,342121,173600,168521,44553,24505,20048,300993,150199,150794,39286,23610,15676,999977,510438,489539,96186,65606,30580,297369,137060,160309,12819,10165,2654,RAIPUR,CHHATTISGARH,2011
105066,51037,54029,5148,3041,2107,101524,49919,51605,7389,4946,2443,94726,46010,48716,6009,4253,1756,296219,147389,148830,12062,9266,2796,96664,42603,54061,900,782,118,RAJNANDGAON,CHHATTISGARH,2001
144827,72579,72248,6986,3709,3277,120024,61638,58386,9767,5771,3996,110235,53618,56617,8373,5240,3133,407003,204138,202865,21856,15988,5868,120248,53747,66501,2356,1985,371,RAJNANDGAON,CHHATTISGARH,2011
148634,71112,77522,6054,3990,2064,151052,74738,76314,8077,5789,2288,145110,70690,74420,6345,4793,1552,456926,237237,219689,12001,10015,1986,141869,70635,71234,734,667,67,SURGUJA,CHHATTISGARH,2001
207910,101989,105921,9577,4792,4785,180484,91498,88986,12943,7582,5361,157419,77648,79771,10741,7186,3555,564647,287904,276743,24562,18804,5758,194926,96359,98567,1946,1677,269,SURGUJA,CHHATTISGARH,2011
72327,35443,36884,2584,1345,1239,61435,31237,30198,3888,2315,1573,52959,26543,26416,3404,2348,1056,201615,101338,100277,8384,6642,1742,56479,25174,31305,604,549,55,UTTAR BASTAR KANKER,CHHATTISGARH,2011
27032,16762,10270,1236,725,511,25146,15557,9589,2628,1747,881,18006,10441,7565,1793,1332,461,43663,23958,19705,2151,1666,485,8814,3882,4932,82,69,13,DADRA  NAGAR HAVELI,DADRA  NAGAR HAVELI,2001
44301,27595,16706,3075,1782,1293,39885,23496,16389,4410,2565,1845,30641,17957,12684,3914,2343,1571,73701,41828,31873,7382,5229,2153,13892,6359,7533,370,294,76,DADRA  NAGAR HAVELI,DADRA  NAGAR HAVELI,2011
13637,6857,6780,336,212,124,12945,6811,6134,507,353,154,10375,5447,4928,364,264,100,28433,15072,13361,563,453,110,5943,2729,3214,20,18,2,DADRA AND NAGAR HAVELI,DADRA AND NAGAR HAVELI,1991
20686,15624,5062,865,522,343,16405,11328,5077,1647,1113,534,10428,6901,3527,1140,850,290,22060,12784,9276,1635,1277,358,5060,2213,2847,103,90,13,DAMAN,DAMAN  DIU,2001
33692,25405,8287,1589,904,685,28606,19779,8827,2499,1520,979,19864,13241,6623,2021,1270,751,40951,25927,15024,4274,3015,1259,7481,3443,4038,346,276,70,DAMAN,DAMAN  DIU,2011
4148,1986,2162,146,91,55,3569,1641,1928,204,139,65,3009,1387,1622,164,124,40,8913,3883,5030,297,261,36,2982,1109,1873,8,7,1,DIU,DAMAN  DIU,2001
4892,2520,2372,437,277,160,4575,2265,2310,521,352,169,4167,2073,2094,319,203,116,13484,6583,6901,724,540,184,3880,1430,2450,60,60,0,DIU,DAMAN  DIU,2011
72151,40973,31178,12206,5813,6393,61734,34524,27210,13737,7209,6528,49466,26980,22486,10752,5771,4981,159002,87459,71543,37521,22145,15376,40783,20018,20765,5304,3989,1315,CENTRAL,DELHI,2001
149295,83335,65960,33093,16395,16698,146048,78773,67275,46611,23999,22612,124210,67254,56956,40669,22482,18187,350841,192000,158841,101925,63121,38804,85566,43990,41576,15314,11981,3333,EAST,DELHI,2001
19138,10939,8199,4142,2078,2064,17482,9860,7622,4649,2548,2101,14534,8168,6366,3495,1964,1531,50616,29418,21198,15789,9491,6298,7125,3558,3567,1801,1228,573,NEW DELHI,DELHI,2001
82796,47371,35425,14819,7642,7177,73395,40617,32778,16403,9092,7311,61954,33861,28093,12685,7076,5609,189129,105913,83216,39018,24245,14773,44180,22043,22137,4370,3501,869,NORTH,DELHI,2001
172090,95907,76183,19967,10373,9594,155785,81926,73859,25254,14055,11199,136651,72223,64428,21132,13110,8022,371836,206024,165812,50290,36166,14124,71560,36866,34694,4332,3830,502,NORTH EAST,DELHI,2001
283767,162064,121703,48364,24160,24204,269279,145635,123644,60717,31672,29045,237199,127356,109843,52608,28758,23850,666327,373494,292833,149395,92006,57389,141926,72915,69011,18054,14559,3495,NORTH WEST,DELHI,2001
241935,141108,100827,46433,25298,21135,240624,135102,105522,61472,35084,26388,196003,110322,85681,48430,28865,19565,520969,297020,223949,140981,85279,55702,112729,57257,55472,27826,19414,8412,SOUTH,DELHI,2001
189018,109732,79286,34896,18644,16252,186891,105056,81835,45284,25896,19388,155926,88036,67890,35505,21798,13707,415594,239394,176200,98693,64833,33860,78138,39815,38323,13067,9826,3241,SOUTH WEST,DELHI,2001
216670,123177,93493,43960,20823,23137,207687,113225,94462,56638,28052,28586,179033,97161,81872,49542,26099,23443,523688,287437,236251,149766,86104,63662,137643,70004,67639,23097,17977,5120,WEST,DELHI,2001
982866,538191,444675,169108,82772,86336,956788,517180,439608,203103,108233,94870,778413,435107,343306,181810,106271,75539,2031502,1160744,870758,408960,276168,132792,439520,236969,202551,48253,40862,7391,DELHI DISTRICT,DELHI DISTRICT,1991
74714,39745,34969,4835,2472,2363,61556,31811,29745,5206,2768,2438,51166,27135,24031,4825,3000,1825,165796,84838,80958,9416,6898,2518,47658,20642,27016,724,599,125,NORTH GOA,GOA,1991
81441,43621,37820,9559,4364,5195,79457,41311,38146,11794,5933,5861,67442,35356,32086,9080,4818,4262,212490,109113,103377,23570,14819,8751,65506,29055,36451,2854,2143,711,NORTH GOA,GOA,2001
72667,39675,32992,12909,5553,7356,74127,38299,35828,15399,6968,8431,71992,36543,35449,12855,6024,6831,269641,136673,132968,37772,20992,16780,93935,42951,50984,7282,5008,2274,NORTH GOA,GOA,2011
53400,27649,25751,4198,1838,2360,46973,23172,23801,4408,2213,2195,39512,20448,19064,3892,2278,1614,125983,65658,60325,7922,5682,2240,34849,15095,19754,633,532,101,SOUTH GOA,GOA,1991
60575,32031,28544,6838,2663,4175,59157,29434,29723,8818,3839,4979,50102,25948,24154,6960,3640,3320,161462,82208,79254,16830,10293,6537,46767,20621,26146,1853,1359,494,SOUTH GOA,GOA,2001
58078,30941,27137,9341,3733,5608,58499,29445,29054,11400,4848,6552,53867,26928,26939,8972,3938,5034,202050,101042,101008,26161,13748,12413,69560,31364,38196,4603,3187,1416,SOUTH GOA,GOA,2011
484070,249094,234976,45310,23670,21640,429945,216085,213860,54680,32450,22230,391953,201666,190287,51050,32160,18890,1096407,600219,496188,116280,86380,29900,271001,135162,135839,10270,9140,1130,AHMADABAD,GUJARAT,1991
587367,309671,277696,78511,40245,38266,508551,260729,247822,88384,46888,41496,474127,243300,230827,70330,40074,30256,1500692,796520,704172,214961,143019,71942,385613,185733,199880,27561,21808,5753,AHMADABAD,GUJARAT,2001
710749,369470,341279,120972,63404,57568,677015,348185,328830,151108,78034,73074,604131,310939,293192,121282,63900,57382,2060314,1069387,990927,351273,209047,142226,577602,283813,293789,71327,52060,19267,AHMADABAD,GUJARAT,2011
113200,55688,57512,2410,1310,1100,92993,46540,46453,2660,2140,520,82878,40717,42161,2130,1720,410,256683,132786,123897,3900,3430,470,89089,40990,48099,210,210,0,AMRELI,GUJARAT,1991
116761,57985,58776,4449,2204,2245,95533,47554,47979,4232,2527,1705,97622,47486,50136,3143,2156,987,330388,169309,161079,7622,6228,1394,123214,55862,67352,578,505,73,AMRELI,GUJARAT,2001
141186,69727,71459,10978,5248,5730,114090,58426,55664,8914,4933,3981,106817,54116,52701,5250,3081,2169,406334,208121,198213,12468,8983,3485,159150,74240,84910,1626,1390,236,AMRELI,GUJARAT,2011
182359,95774,86585,14818,8069,6749,154269,79363,74906,14330,8283,6047,149262,75474,73788,10072,6339,3733,480669,249361,231308,28926,20999,7927,133366,62096,71270,3060,2659,401,ANAND,GUJARAT,2001
194227,101765,92462,17608,9490,8118,176032,92042,83990,20231,11627,8604,167102,85656,81446,15354,8836,6518,601908,309304,292604,41430,27425,14005,182502,83757,98745,7523,6053,1470,ANAND,GUJARAT,2011
193325,96664,96661,2520,1750,770,168692,86267,82425,2810,2300,510,150473,76446,74027,2630,2140,490,429062,222810,206252,4670,4360,310,123730,60090,63640,300,300,0,BANAS KANTHA,GUJARAT,1991
224028,113626,110402,5308,3615,1693,194063,99340,94723,5669,4106,1563,179515,90383,89132,4196,3319,877,518731,268015,250716,9179,8094,1085,141890,64834,77056,534,494,40,BANAS KANTHA,GUJARAT,2001
287527,148851,138676,13704,9124,4580,252372,130579,121793,14648,10395,4253,228441,115957,112484,8801,6347,2454,706478,359744,346734,17477,14224,3253,198286,91019,107267,1621,1481,140,BANAS KANTHA,GUJARAT,2011
151540,77777,73763,5153,2960,2193,135728,69121,66607,6120,4050,2070,119344,63173,56171,5550,4250,1300,354896,186880,168016,10350,8650,1700,100206,47735,52471,610,560,50,BHARUCH,GUJARAT,1991
124635,67228,57407,7521,3737,3784,118845,61034,57811,11375,6226,5149,116050,59465,56585,9540,5980,3560,349590,183531,166059,19936,14865,5071,95789,43893,51896,1546,1311,235,BHARUCH,GUJARAT,2001
144474,78055,66419,13089,6868,6221,130617,68698,61919,14602,7865,6737,121437,62167,59270,11428,6232,5196,451736,234620,217116,32909,21824,11085,124078,57269,66809,4050,3333,717,BHARUCH,GUJARAT,2011
207662,103923,103739,7270,3770,3500,178365,90053,88312,7415,4615,2800,159093,80840,78253,6890,5050,1840,456598,238097,218501,12420,9890,2530,158061,74732,83329,1140,990,150,BHAVNAGAR,GUJARAT,1991
216423,112301,104122,10521,5733,4788,185914,95151,90763,11454,6734,4720,179120,89241,89879,9203,5867,3336,541342,283021,258321,24041,17429,6612,180512,82957,97555,2726,2275,451,BHAVNAGAR,GUJARAT,2001
273001,140656,132345,16826,9859,6967,234445,123329,111116,16675,10027,6648,210679,108313,102366,11788,6925,4863,717342,370179,347163,35103,23382,11721,237341,110153,127188,6044,4765,1279,BHAVNAGAR,GUJARAT,2011
137508,67310,70198,4262,2573,1689,121920,62069,59851,4960,3508,1452,109678,54610,55068,3614,2618,996,335495,172304,163191,7475,5863,1612,88376,40574,47802,447,378,69,DOHAD,GUJARAT,2001
178324,87332,90992,6993,3862,3131,160808,80905,79903,7928,4829,3099,145779,73216,72563,6007,3921,2086,448000,227323,220677,13623,10015,3608,125489,57713,67776,1107,925,182,DOHAD,GUJARAT,2011
42241,21352,20889,3872,2102,1770,35939,17676,18263,4288,2580,1708,32279,16827,15452,4520,3180,1340,91036,49177,41859,9190,7860,1330,19754,8781,10973,470,450,20,GANDHINAGAR,GUJARAT,1991
136550,70133,66417,13382,7010,6372,115838,59353,56485,14664,8535,6129,108323,55304,53019,10909,7044,3865,329732,171325,158407,29651,22696,6955,86164,39203,46961,2610,2331,279,GANDHINAGAR,GUJARAT,2001
136032,70022,66010,18783,9855,8928,124412,64096,60316,20941,11259,9682,113125,57892,55233,14852,8577,6275,393589,201571,192018,41447,28585,12862,110034,50340,59694,6275,5300,975,GANDHINAGAR,GUJARAT,2011
154282,79287,74995,5945,3135,2810,127232,65523,61709,6971,4461,2510,109494,55603,53891,5470,3890,1580,322627,168947,153680,10010,7970,2040,106149,49649,56500,426,396,30,JAMNAGAR,GUJARAT,1991
182833,95596,87237,10536,5167,5369,150316,77070,73246,12687,6735,5952,142291,71972,70319,9568,5744,3824,450525,235564,214961,22975,16452,6523,146511,67103,79408,1754,1491,263,JAMNAGAR,GUJARAT,2001
208365,107510,100855,17998,9292,8706,186823,96448,90375,19642,10445,9197,167868,86074,81794,13882,7461,6421,577104,300158,276946,34374,21823,12551,189802,87751,102051,4575,3563,1012,JAMNAGAR,GUJARAT,2011
232426,120006,112420,7480,4020,3460,190025,96857,93168,7787,5450,2337,163481,81286,82195,7105,5575,1530,506178,261278,244900,11520,9820,1700,158682,74342,84340,660,590,70,JUNAGADH,GUJARAT,1991
230278,118554,111724,13733,6840,6893,192204,97987,94217,13361,7907,5454,182123,90824,91299,9418,6186,3232,575257,297047,278210,22921,18104,4817,182137,83408,98729,1516,1343,173,JUNAGADH,GUJARAT,2001
253686,130342,123344,31155,16423,14732,222602,114594,108008,27797,15722,12075,210767,106309,104458,16270,9408,6862,757026,389208,367818,40596,28102,12494,243013,111668,131345,4286,3655,631,JUNAGADH,GUJARAT,2011
114445,57185,57260,3715,1890,1825,103697,51731,51966,4360,2720,1640,90995,45526,45469,3930,2810,1120,258320,133929,124391,6310,4740,1570,91162,40722,50440,340,330,10,KACHCHH,GUJARAT,1991
146169,76766,69403,6046,3218,2828,121760,62228,59532,7286,4260,3026,116290,58985,57305,5788,3654,2134,358129,186106,172023,12396,8850,3546,112625,50262,62363,1169,976,193,KACHCHH,GUJARAT,2001
212109,114828,97281,14395,7749,6646,193279,103887,89392,18274,10147,8127,163578,87776,75802,14297,8556,5741,500344,264102,236242,28317,18933,9384,146216,66253,79963,3154,2438,716,KACHCHH,GUJARAT,2011
348391,179655,168736,14680,8150,6530,292325,148260,144065,15177,9540,5637,271729,136620,135109,14160,10350,3810,784691,413500,371191,27734,22614,5120,229545,112272,117273,1890,1620,270,KHEDA,GUJARAT,1991
190773,97781,92992,10679,5922,4757,168028,87256,80772,11895,7489,4406,161236,80792,80444,8733,6046,2687,517544,267339,250205,23017,17808,5209,148742,70295,78447,2147,1880,267,KHEDA,GUJARAT,2001
205025,106165,98860,12510,7174,5336,185476,96226,89250,14424,8733,5691,178138,90237,87901,11121,6942,4179,644947,329155,315792,32452,23079,9373,193782,89810,103972,5237,4377,860,KHEDA,GUJARAT,2011
293906,143820,150086,10920,6950,3970,237477,120366,117111,10850,8370,2480,206553,103215,103338,8600,7200,1400,642728,330961,311767,18521,16681,1840,211552,100958,110594,840,800,40,MAHESANA,GUJARAT,1991
179631,89882,89749,13046,7011,6035,147387,74824,72563,12406,7769,4637,142437,70768,71669,8775,6232,2543,451739,232551,219188,20853,17913,2940,143321,66474,76847,1789,1678,111,MAHESANA,GUJARAT,2001
196144,100379,95765,25649,13671,11978,169756,87643,82113,24896,13778,11118,155339,78619,76720,15265,9227,6038,570581,289446,281135,37409,28425,8984,186090,85461,100629,5611,5106,505,MAHESANA,GUJARAT,2011
42636,21637,20999,1725,1045,680,43332,21896,21436,2077,1435,642,41338,20439,20899,1503,1120,383,126397,65623,60774,3274,2672,602,36226,17182,19044,250,217,33,NARMADA,GUJARAT,2001
50754,26035,24719,2205,1195,1010,44516,22732,21784,2841,1762,1079,42928,21598,21330,2064,1446,618,160929,81854,79075,4995,3768,1227,47519,22564,24955,604,529,75,NARMADA,GUJARAT,2011
116423,61246,55177,11276,5276,6000,104769,53023,51746,11390,5890,5500,103357,51458,51899,8335,4533,3802,335503,171140,164363,18819,12611,6208,98123,44616,53507,2052,1688,364,NAVSARI,GUJARAT,2001
122364,63725,58639,13269,5978,7291,114157,59639,54518,15396,7555,7841,106066,54426,51640,12137,6228,5909,412995,207603,205392,31213,17992,13221,130245,60288,69957,4660,3586,1074,NAVSARI,GUJARAT,2011
251701,125665,126036,8600,5120,3480,231491,119127,112364,8613,6360,2253,211758,104572,107186,6452,4670,1782,624564,329727,294837,11894,9820,2074,185886,95206,90680,950,780,170,PANCH MAHALS,GUJARAT,1991
175734,90885,84849,7106,4336,2770,153979,79554,74425,8481,5696,2785,148636,74106,74530,6694,4893,1801,473800,244113,229687,14011,11300,2711,142649,69241,73408,955,848,107,PANCH MAHALS,GUJARAT,2001
210391,109855,100536,10455,6014,4441,188260,98058,90202,12296,7807,4489,175331,89266,86065,8969,5960,3009,603190,306796,296394,24152,17952,6200,184795,86895,97900,2436,2116,320,PANCH MAHALS,GUJARAT,2011
112890,56724,56166,4729,2729,2000,91521,46566,44955,4509,2948,1561,86895,43391,43504,3081,2246,835,270562,138881,131681,8017,6730,1287,86256,39822,46434,744,667,77,PATAN,GUJARAT,2001
124031,63944,60087,8092,4700,3392,108646,56510,52136,8353,5040,3313,99572,50933,48639,4997,3187,1810,343621,175338,168283,12674,9541,3133,111653,50860,60793,1893,1662,231,PATAN,GUJARAT,2011
50328,26748,23580,2362,1094,1268,44035,22133,21902,2694,1489,1205,41011,20604,20407,2109,1371,738,133202,68358,64844,5338,3954,1384,42709,19308,23401,484,407,77,PORBANDAR,GUJARAT,2001
51961,27430,24531,4234,2161,2073,48429,25026,23403,4221,2256,1965,45714,22953,22761,2742,1525,1217,168038,86097,81941,7757,5245,2512,55663,25611,30052,1122,915,207,PORBANDAR,GUJARAT,2011
243378,125979,117399,12490,5620,6870,204012,101946,102066,12730,7530,5200,187968,96236,91732,13510,9170,4340,539655,281450,258205,24600,19390,5210,170314,80854,89460,1640,1530,110,RAJKOT,GUJARAT,1991
309302,161683,147619,24797,10848,13949,250735,127761,122974,25937,12642,13295,242432,121449,120983,19397,10809,8588,784300,408729,375571,54197,38139,16058,245527,113995,131532,5108,4338,770,RAJKOT,GUJARAT,2001
369044,187555,181489,46980,21957,25023,347439,178513,168926,49803,24010,25793,305000,157035,147965,33523,16333,17190,1070323,553088,517235,90414,54737,35677,337124,159373,177751,14039,11114,2925,RAJKOT,GUJARAT,2011
166047,81370,84677,6486,4440,2046,140042,70384,69658,6720,5410,1310,129074,64133,64941,4720,4240,480,387542,200192,187350,8916,8306,610,117489,56709,60780,480,430,50,SABAR KANTHA,GUJARAT,1991
195158,97755,97403,11213,6867,4346,163067,83124,79943,11164,7758,3406,155744,76828,78916,8932,6860,2072,504986,258129,246857,21125,18461,2664,148513,69289,79224,1290,1176,114,SABAR KANTHA,GUJARAT,2001
213627,109036,104591,17936,10407,7529,192790,99359,93431,20860,12882,7978,180675,90818,89857,13689,8915,4774,648366,327065,321301,37663,29744,7919,202827,93627,109200,4149,3847,302,SABAR KANTHA,GUJARAT,2011
368588,191957,176631,16360,8810,7550,341458,176687,164771,19690,12570,7120,291779,155169,136610,15950,10940,5010,723418,398076,325342,29123,22120,7003,182228,89742,92486,2540,2180,360,SURAT,GUJARAT,1991
554362,320847,233515,35104,18018,17086,522362,288769,233593,42726,23448,19278,458276,250395,207881,34082,21009,13073,1174447,641390,533057,71059,49998,21061,261423,122260,139163,6339,5182,1157,SURAT,GUJARAT,2001
715502,428635,286867,63106,32940,30166,672937,384925,288012,73235,38386,34849,563952,316916,247036,57258,31322,25936,1570463,860077,710386,131422,82711,48711,329746,159460,170286,16726,12700,4026,SURAT,GUJARAT,2011
110338,57222,53116,3460,1940,1520,96291,49065,47226,3932,2642,1290,86717,44386,42331,3295,2515,780,254519,133221,121298,6390,5440,950,79987,38160,41827,410,370,40,SURENDRANAGAR,GUJARAT,1991
137581,72321,65260,5325,2967,2358,113501,58718,54783,5936,3682,2254,110142,55648,54494,4679,3131,1548,345626,180435,165191,12228,9443,2785,111472,51268,60204,1116,967,149,SURENDRANAGAR,GUJARAT,2001
159763,82649,77114,11357,6823,4534,143834,74896,68938,11127,7039,4088,128384,65996,62388,6613,4121,2492,443645,229404,214241,19378,13568,5810,147905,68631,79274,2788,2349,439,SURENDRANAGAR,GUJARAT,2011
72403,35727,36676,4942,2383,2559,66648,33182,33466,5719,2899,2820,62052,30592,31460,4107,2229,1878,246996,122023,124973,8784,5417,3367,70546,32454,38092,779,608,171,TAPI,GUJARAT,2011
11369,4720,6649,190,100,90,12868,6027,6841,210,180,30,10603,5424,5179,240,160,80,30679,16527,14152,220,180,40,6915,3227,3688,0,0,0,THE DANGS,GUJARAT,1991
14923,6912,8011,432,252,180,14322,6914,7408,597,383,214,13304,6466,6838,525,373,152,42103,21762,20341,647,490,157,10211,4881,5330,16,11,5,THE DANGS,GUJARAT,2001
19599,9270,10329,707,397,310,17420,8509,8911,957,569,388,14713,7290,7423,589,375,214,54345,26997,27348,1281,919,362,12790,6072,6718,40,28,12,THE DANGS,GUJARAT,2011
308243,160193,148050,21320,11030,10290,267640,135426,132214,23904,13440,10464,265624,136295,129329,22850,13810,9040,745918,400377,345541,50595,37345,13250,191163,95676,95487,4760,4010,750,VADODARA,GUJARAT,1991
337891,175943,161948,33619,16709,16910,313181,158760,154421,41530,21116,20414,303183,154176,149007,33828,18775,15053,985008,515956,469052,98462,63626,34836,256734,121949,134785,12344,9843,2501,VADODARA,GUJARAT,2001
370405,191631,178774,45488,22822,22666,355643,182123,173520,57509,29402,28107,333074,169315,163759,47836,25085,22751,1234925,632802,602123,147504,86635,60869,355752,171045,184707,29301,21431,7870,VADODARA,GUJARAT,2011
216538,108770,107768,12262,6112,6150,191367,95451,95916,13040,8120,4920,173841,87512,86329,10170,6530,3640,512342,269380,242962,18150,14110,4040,144890,68240,76650,1050,910,140,VALSAD,GUJARAT,1991
136722,73236,63486,10216,5051,5165,135439,70883,64556,13796,7622,6174,123173,63969,59204,11197,6887,4310,351327,184652,166675,21752,15347,6405,90960,41969,48991,1653,1362,291,VALSAD,GUJARAT,2001
160029,85533,74496,14914,7588,7326,150376,78753,71623,17301,9075,8226,139866,72615,67251,14651,8057,6594,479305,249982,229323,40544,25374,15170,126609,59474,67135,4813,3686,1127,VALSAD,GUJARAT,2011
104680,53612,51068,9434,4160,5274,95503,49114,46389,9870,5130,4740,79837,40733,39104,8430,4920,3510,230639,127552,103087,21834,15693,6141,93411,49669,43742,1940,1740,200,AMBALA,HARYANA,1991
97946,52937,45009,10390,4867,5523,85052,44849,40203,11474,5823,5651,76086,38867,37219,8759,4797,3962,240137,129569,110568,25204,16140,9064,86763,43197,43566,3009,2472,537,AMBALA,HARYANA,2001
116232,60611,55621,21020,9705,11315,106055,55711,50344,22427,10983,11444,88568,45862,42706,15572,7917,7655,309656,159978,149678,37943,22041,15902,111587,55840,55747,7229,5300,1929,AMBALA,HARYANA,2011
100093,51784,48309,2734,1850,884,87678,45149,42529,3184,2493,691,70951,35950,35001,2590,2170,420,204255,111302,92953,6547,5970,577,86954,43794,43160,420,390,30,BHIWANI,HARYANA,1991
134676,73373,61303,8122,5313,2809,112470,58335,54135,7723,5592,2131,95159,47869,47290,5090,3925,1165,287679,149988,137691,13149,11056,2093,109617,54945,54672,1184,1108,76,BHIWANI,HARYANA,2001
163504,88846,74658,25693,14565,11128,143031,75801,67230,24432,15171,9261,121942,62925,59017,14423,9766,4657,394727,203828,190899,25655,19942,5713,150519,72630,77889,3463,3165,298,BHIWANI,HARYANA,2011
135942,72023,63919,9020,4770,4250,128971,66905,62066,10887,6007,4880,107693,58360,49333,10140,6240,3900,281122,160755,120367,21331,15951,5380,87631,45824,41807,1530,1360,170,FARIDABAD,HARYANA,1991
195490,107562,87928,20245,10669,9576,182931,96830,86101,25483,14306,11177,160001,82873,77128,20569,12153,8416,454876,250974,203902,53403,35542,17861,126373,64579,61794,6422,5120,1302,FARIDABAD,HARYANA,2001
183097,95954,87143,40473,21597,18876,169976,86977,82999,47166,24700,22466,146586,75110,71476,36512,19771,16741,452749,241413,211336,93070,55418,37652,113012,59127,53885,16832,11827,5005,FARIDABAD,HARYANA,2011
74051,39439,34612,3227,1742,1485,66589,34148,32441,3040,1963,1077,59899,30418,29481,2379,1602,777,161348,85588,75760,5384,4153,1231,60640,29523,31117,342,299,43,FATEHABAD,HARYANA,2001
94904,50448,44456,10704,5660,5044,79538,41808,37730,9789,5518,4271,68842,35288,33554,5585,3331,2254,229303,117801,111502,10443,7184,3259,86333,41589,44744,1062,898,164,FATEHABAD,HARYANA,2011
102146,52710,49436,5570,2920,2650,93955,49637,44318,6136,4000,2136,76331,39911,36420,4939,3259,1680,204970,111245,93725,10815,8301,2514,82267,42270,39997,740,650,90,GURGAON,HARYANA,1991
141448,75503,65945,10949,5544,5405,133936,69992,63944,16062,8712,7350,114407,59148,55259,13513,8291,5222,308937,165340,143597,31038,20795,10243,105277,52539,52738,4799,3704,1095,GURGAON,HARYANA,2001
153479,83840,69639,34035,17570,16465,158759,83403,75356,52391,25880,26511,142161,75510,66651,48879,25933,22946,382544,205369,177175,106684,62140,44544,113703,56548,57155,25024,16309,8715,GURGAON,HARYANA,2011
179164,96034,83130,6630,4010,2620,156286,81196,75090,6810,4590,2220,126366,66220,60146,5504,3924,1580,330637,180884,149753,11400,9570,1830,137195,69455,67740,510,490,20,HISAR,HARYANA,1991
144216,80480,63736,10210,5920,4290,129421,68137,61284,10205,6629,3576,113636,58738,54898,7147,4921,2226,321520,173486,148034,19380,14603,4777,107952,53214,54738,1661,1431,230,HISAR,HARYANA,2001
177501,98746,78755,26536,14404,12132,152975,83398,69577,26397,15316,11081,131450,68401,63049,15822,9664,6158,444457,231618,212839,33270,23301,9969,145738,70964,74774,4740,3902,838,HISAR,HARYANA,2011
83892,47994,35898,5534,3351,2183,73169,39343,33826,5728,3853,1875,61849,31745,30104,3759,2650,1109,186544,99506,87038,8764,7099,1665,73692,36701,36991,1024,961,63,JHAJJAR,HARYANA,2001
97455,52164,45291,16617,8708,7909,86101,45694,40407,16114,9154,6960,72322,37871,34451,9551,5852,3699,242375,127767,114608,17520,12518,5002,92754,44889,47865,2877,2557,320,JHAJJAR,HARYANA,2011
89267,47037,42230,2471,1581,890,79801,42300,37501,2400,1760,640,63497,32960,30537,1940,1380,560,175039,95410,79629,4990,4490,500,75588,40069,35519,190,190,0,JIND,HARYANA,1991
107686,60237,47449,5214,3253,1961,97102,51125,45977,5135,3553,1582,84277,42534,41743,3500,2526,974,244226,129461,114765,9375,7775,1600,93378,48055,45323,727,648,79,JIND,HARYANA,2001
134678,74269,60409,18209,10097,8112,110906,60339,50567,16312,9946,6366,95474,49261,46213,8897,5806,3091,330689,171548,159141,16721,12570,4151,123019,61627,61392,2279,2048,231,JIND,HARYANA,2011
74183,39203,34980,2240,1600,640,67183,34446,32737,2090,1410,680,52642,26702,25940,1570,1200,370,147727,79454,68273,3710,3280,430,69662,37212,32450,180,180,0,KAITHAL,HARYANA,1991
85773,47660,38113,4320,2572,1748,76706,40314,36392,4219,2851,1368,68043,34358,33685,2943,2091,852,196201,103799,92402,7412,5792,1620,76970,38851,38119,481,412,69,KAITHAL,HARYANA,2001
110863,59260,51603,14001,7550,6451,92157,49174,42983,12763,7636,5127,77660,39942,37718,7206,4578,2628,259293,133035,126258,13344,9592,3752,105180,52215,52965,1792,1540,252,KAITHAL,HARYANA,2011
79470,41968,37502,4100,1990,2110,71058,37039,34019,4410,2370,2040,60881,30931,29950,4550,2720,1830,163887,89609,74278,9250,6940,2310,65481,34271,31210,700,640,60,KARNAL,HARYANA,1991
120111,65298,54813,9395,4916,4479,104353,55220,49133,9371,5433,3938,90688,45770,44918,6449,3866,2583,270734,144277,126457,19583,13199,6384,94482,47697,46785,2031,1673,358,KARNAL,HARYANA,2001
157928,82427,75501,24262,11648,12614,135520,70967,64553,24022,12540,11482,112201,57454,54747,14700,8078,6622,369911,190871,179040,32040,19899,12141,132981,66259,66722,5946,4457,1489,KARNAL,HARYANA,2011
60596,32520,28076,3720,1900,1820,53567,27999,25568,3100,2100,1000,44230,22210,22020,2630,1640,990,116260,63110,53150,5832,4790,1042,51231,26673,24558,340,290,50,KURUKSHETRA,HARYANA,1991
81631,43974,37657,8329,4517,3812,67497,35203,32294,6368,3767,2601,60221,30195,30026,4426,2745,1681,179287,95181,84106,12636,9048,3588,65155,32509,32646,1001,857,144,KURUKSHETRA,HARYANA,2001
103442,53295,50147,19211,8972,10239,86539,44579,41960,16862,8658,8204,71429,36446,34983,10087,5576,4511,248967,127881,121086,22720,14745,7975,90650,45150,45500,3570,2842,728,KURUKSHETRA,HARYANA,2011
56814,28784,28030,1550,1130,420,53082,27315,25767,2040,1760,280,43834,21864,21970,1590,1400,190,126650,67407,59243,3840,3710,130,58750,28986,29764,90,80,10,MAHENDRAGARH,HARYANA,1991
71966,37457,34509,4114,2834,1280,61887,31015,30872,4150,3172,978,53235,25738,27497,2954,2376,578,166286,84989,81297,7162,6488,674,71211,34631,36580,635,610,25,MAHENDRAGARH,HARYANA,2001
91649,48700,42949,15608,8829,6779,77459,40627,36832,13995,8659,5336,66799,33538,33261,7802,5405,2397,228491,116823,111668,14581,12147,2434,95360,45415,49945,2102,1978,124,MAHENDRAGARH,HARYANA,2011
93889,49309,44580,3952,2767,1185,69915,36664,33251,3304,2343,961,56654,28320,28334,1826,1299,527,176062,90656,85406,3933,3206,727,64888,32828,32060,327,303,24,MEWAT,HARYANA,2011
100067,53912,46155,11419,7287,4132,78870,41768,37102,10342,6902,3440,65073,32827,32246,5827,4012,1815,217117,112838,104279,10942,8276,2666,75766,37820,37946,1560,1385,175,PALWAL,HARYANA,2011
46467,26129,20338,6637,3117,3520,44203,23701,20502,8654,4278,4376,38547,21040,17507,7022,3855,3167,112603,63078,49525,22232,13528,8704,32957,17312,15645,3925,3066,859,PANCHKULA,HARYANA,2001
54745,29406,25339,12173,5896,6277,53355,27987,25368,15994,7693,8301,46752,24280,22472,13130,6622,6508,152998,81170,71828,36834,20079,16755,50932,26268,24664,10250,6810,3440,PANCHKULA,HARYANA,2011
75295,39425,35870,3530,1770,1760,68078,35377,32701,3810,2150,1660,57183,29343,27840,3300,2060,1240,155681,85455,70226,6720,5480,1240,60778,32299,28479,350,340,10,PANIPAT,HARYANA,1991
91768,52259,39509,6962,3593,3369,80999,43817,37182,7285,4053,3232,69090,35751,33339,5521,3211,2310,199884,108906,90978,14479,9863,4616,63705,32960,30745,1142,941,201,PANIPAT,HARYANA,2001
126101,67661,58440,18515,9243,9272,107971,57386,50585,18184,9414,8770,89134,46052,43082,11432,6224,5208,286466,150749,135717,25365,15620,9745,90408,46281,44127,3350,2617,733,PANIPAT,HARYANA,2011
53245,26720,26525,2350,1410,940,45475,22384,23091,2570,1840,730,39780,18470,21310,1930,1470,460,118711,61588,57123,4423,4053,370,52959,26479,26480,190,180,10,REWARI,HARYANA,1991
71680,38349,33331,5386,3297,2089,63180,32681,30499,5842,3974,1868,52790,26386,26404,4229,3081,1148,163315,84271,79044,10118,8531,1587,64600,31698,32902,936,867,69,REWARI,HARYANA,2001
91183,46855,44328,16035,8152,7883,80970,41888,39082,15751,8786,6965,68949,35064,33885,10194,6402,3792,225984,116349,109635,19973,15153,4820,86328,41331,44997,2947,2709,238,REWARI,HARYANA,2011
165995,89743,76252,7950,4480,3470,147611,77803,69808,7650,4780,2870,118937,61615,57322,6264,4054,2210,348293,188292,160001,15540,13030,2510,154501,79705,74796,960,860,100,ROHTAK,HARYANA,1991
88736,50468,38268,9973,5378,4595,75914,40621,35293,9929,5812,4117,65376,33215,32161,6656,4020,2636,209137,111601,97536,18760,12890,5870,80455,40368,40087,2092,1823,269,ROHTAK,HARYANA,2001
107524,58580,48944,23046,11913,11133,93095,49523,43572,22468,12063,10405,77927,40927,37000,14057,7888,6169,274181,143424,130757,32098,20085,12013,102931,51060,51871,5436,4453,983,ROHTAK,HARYANA,2011
87520,45950,41570,3420,1970,1450,77469,40252,37217,2978,2120,858,64081,33336,30745,2499,1759,740,158650,86942,71708,4470,3820,650,69550,34989,34561,180,160,20,SIRSA,HARYANA,1991
104387,55854,48533,5925,3169,2756,91344,46869,44475,5353,3256,2097,83651,42395,41256,4457,2956,1501,231792,123513,108279,10776,8117,2659,84474,41497,42977,732,646,86,SIRSA,HARYANA,2001
132254,70251,62003,16733,8402,8331,111538,58733,52805,16360,9192,7168,96984,49434,47550,9186,5471,3715,325240,167676,157564,18703,12733,5970,120305,59053,61252,2236,1895,341,SIRSA,HARYANA,2011
70832,37760,33072,3917,1867,2050,61702,32737,28965,3970,2380,1590,52111,27081,25030,3143,2030,1113,144055,79956,64099,8440,6680,1760,53291,27689,25602,340,300,40,SONIPAT,HARYANA,1991
116205,65904,50301,8920,4714,4206,102414,55209,47205,9424,5786,3638,88920,45928,42992,6397,3999,2398,274842,147076,127766,17303,12736,4567,102394,52431,49963,1824,1595,229,SONIPAT,HARYANA,2001
150360,81351,69009,25452,13131,12321,128481,68783,59698,24026,13082,10944,105709,55637,50072,14534,8336,6198,358473,188623,169850,30313,20042,10271,129352,65033,64319,5162,4237,925,SONIPAT,HARYANA,2011
75345,40359,34986,4520,2350,2170,65083,32769,32314,4118,2370,1748,56742,28822,27920,3740,2250,1490,160981,88398,72583,7612,5682,1930,68492,36352,32140,660,570,90,YAMUNANAGAR,HARYANA,1991
99174,54237,44937,8728,4223,4505,83979,44484,39495,8535,4572,3963,75162,38149,37013,6088,3515,2573,232603,125365,107238,17004,11237,5767,83994,42676,41318,1688,1400,288,YAMUNANAGAR,HARYANA,2001
126631,66914,59717,19120,8431,10689,108748,57130,51618,20461,9773,10688,90975,46695,44280,13063,6917,6146,316110,164527,151583,29285,17492,11793,112009,56694,55315,4608,3409,1199,YAMUNANAGAR,HARYANA,2011
25761,12090,13671,943,595,348,23015,10774,12241,881,601,280,18474,8771,9703,626,474,152,62653,30533,32120,1877,1635,242,26982,13931,13051,88,83,5,BILASPUR,HIMACHAL PRADESH,1991
31955,16244,15711,2863,1507,1356,29018,13994,15024,3058,1846,1212,24077,11778,12299,1766,1244,522,82688,40014,42674,3620,2940,680,35720,17317,18403,412,386,26,BILASPUR,HIMACHAL PRADESH,2001
34729,17468,17261,5587,2398,3189,31836,15771,16065,7164,3415,3749,30641,15364,15277,5264,2957,2307,111737,55467,56270,8558,6036,2522,45486,21376,24110,1409,1262,147,BILASPUR,HIMACHAL PRADESH,2011
35655,17425,18230,615,287,328,32110,16045,16065,1055,590,465,24956,12806,12150,834,558,276,82432,43258,39174,1831,1407,424,26862,14758,12104,121,101,20,CHAMBA,HIMACHAL PRADESH,1991
41560,21155,20405,1695,997,698,36735,18582,18153,2159,1339,820,31879,16239,15640,1556,1025,531,105039,54144,50895,3262,2372,890,32635,16462,16173,317,245,72,CHAMBA,HIMACHAL PRADESH,2001
51043,25190,25853,2983,1494,1489,43958,22103,21855,4165,2301,1864,38352,19480,18872,3289,2003,1286,132182,66033,66149,5246,3487,1759,41638,20225,21413,672,505,167,CHAMBA,HIMACHAL PRADESH,2011
29427,12961,16466,1059,691,368,26684,11492,15192,1034,728,306,21488,9230,12258,910,688,222,79589,34946,44643,2512,2257,255,37113,18396,18717,143,143,0,HAMIRPUR,HIMACHAL PRADESH,1991
37056,16836,20220,4139,1892,2247,32167,13808,18359,3755,2139,1616,26978,11738,15240,2038,1372,666,100859,44609,56250,5149,4276,873,49832,22949,26883,689,654,35,HAMIRPUR,HIMACHAL PRADESH,2001
37659,17117,20542,8047,2972,5075,34126,14168,19958,9179,3679,5500,33924,14526,19398,6407,3189,3218,133928,61064,72864,10839,7573,3266,62730,28526,34204,2319,2138,181,HAMIRPUR,HIMACHAL PRADESH,2011
101607,47613,53994,3733,2024,1709,86845,39509,47336,4224,2596,1628,72327,34005,38322,3288,2268,1020,260223,124894,135329,8130,6693,1437,103350,54775,48575,540,495,45,KANGRA,HIMACHAL PRADESH,1991
127031,60542,66489,10178,4789,5389,106547,49183,57364,10040,5441,4599,90115,41337,48778,6042,3763,2279,332798,157476,175322,16479,12316,4163,135965,66529,69436,2143,1895,248,KANGRA,HIMACHAL PRADESH,2001
132145,63164,68981,19086,7325,11761,123432,56597,66835,22850,9729,13121,117860,55359,62501,15999,8166,7833,443317,213373,229944,30981,20222,10759,177415,85712,91703,6178,5245,933,KANGRA,HIMACHAL PRADESH,2011
7225,4088,3137,163,120,43,7197,4219,2978,289,249,40,5103,3000,2103,242,201,41,16157,9297,6860,460,427,33,5570,2480,3090,6,6,0,KINNAUR,HIMACHAL PRADESH,1991
7405,4251,3154,238,154,84,7729,4413,3316,565,404,161,6514,3862,2652,450,374,76,19853,11199,8654,770,703,67,7116,3261,3855,43,41,2,KINNAUR,HIMACHAL PRADESH,2001
8525,5147,3378,685,352,333,8896,5423,3473,1315,731,584,7661,4510,3151,1180,749,431,25821,14727,11094,1733,1373,360,8192,3740,4452,135,123,12,KINNAUR,HIMACHAL PRADESH,2011
28269,14378,13891,869,575,294,25834,13268,12566,1153,846,307,20600,10587,10013,876,669,207,65993,35467,30526,1925,1616,309,20449,11170,9279,91,82,9,KULLU,HIMACHAL PRADESH,1991
36021,18727,17294,2097,1232,865,33212,17133,16079,2638,1777,861,28173,14717,13456,1924,1378,546,90568,48083,42485,4567,3610,957,27620,14033,13587,393,346,47,KULLU,HIMACHAL PRADESH,2001
45039,23183,21856,4031,1905,2126,39955,20875,19080,5657,3144,2513,35480,18404,17076,4197,2576,1621,120218,62314,57904,8569,6133,2436,37094,18551,18543,1137,927,210,KULLU,HIMACHAL PRADESH,2011
3449,2057,1392,142,76,66,3289,1987,1302,296,218,78,2965,1845,1120,246,222,24,9152,5287,3865,466,445,21,2855,1387,1468,13,13,0,LAHUL  SPITI,HIMACHAL PRADESH,2001
2989,1672,1317,291,155,136,2985,1637,1348,637,358,279,2712,1482,1230,518,340,178,9370,5072,4298,740,642,98,3299,1542,1757,57,50,7,LAHUL  SPITI,HIMACHAL PRADESH,2011
3410,1960,1450,76,60,16,3257,1981,1276,174,158,16,2410,1467,943,149,137,12,7651,4492,3159,206,199,7,2427,1196,1231,1,1,0,LAHUL AND SPITI,HIMACHAL PRADESH,1991
69727,32236,37491,1994,1104,890,60047,28147,31900,2414,1628,786,49070,23318,25752,1909,1344,565,164558,81479,83079,4545,3722,823,60200,31128,29072,246,236,10,MANDI,HIMACHAL PRADESH,1991
87650,42776,44874,5986,3132,2854,76548,37012,39536,6578,3966,2612,63099,30228,32871,3853,2559,1294,215854,104539,111315,9163,6985,2178,81344,39470,41874,1111,1002,109,MANDI,HIMACHAL PRADESH,2001
89945,44215,45730,10578,4628,5950,83705,40476,43229,13497,6622,6875,81122,39763,41359,10462,5950,4512,286869,140066,146803,17871,12066,5805,105991,50298,55693,3123,2620,503,MANDI,HIMACHAL PRADESH,2011
60499,31584,28915,4704,2811,1893,55409,28981,26428,5344,3556,1788,43897,23539,20358,4568,3131,1437,141529,77490,64039,10635,8315,2320,42874,23546,19328,840,727,113,SHIMLA,HIMACHAL PRADESH,1991
72215,38169,34046,8728,4762,3966,66660,34680,31980,9990,6064,3926,56957,30375,26582,7470,4929,2541,186087,100866,85221,19962,14692,5270,56061,29335,26726,2283,1877,406,SHIMLA,HIMACHAL PRADESH,2001
82123,42625,39498,13833,6039,7794,76144,39513,36631,18400,9295,9105,69102,36102,33000,14177,8034,6143,245721,129664,116057,33491,22311,11180,72710,36968,35742,4942,3807,1135,SHIMLA,HIMACHAL PRADESH,2011
33953,17631,16322,974,541,433,30551,15736,14815,1292,807,485,24311,12741,11570,963,640,323,81054,43921,37133,2228,1726,502,27125,15649,11476,156,144,12,SIRMAUR,HIMACHAL PRADESH,1991
42233,22817,19416,2251,1102,1149,37641,19671,17970,3059,1735,1324,31705,16666,15039,2189,1455,734,105241,55685,49556,4620,3298,1322,33531,18119,15412,610,504,106,SIRMAUR,HIMACHAL PRADESH,2001
53262,27702,25560,4400,2010,2390,46114,23901,22213,6520,3266,3254,39844,20812,19032,4655,2618,2037,137481,71891,65590,8955,5776,3179,41985,21797,20188,1284,987,297,SIRMAUR,HIMACHAL PRADESH,2011
39765,21455,18310,1742,979,763,33440,17450,15990,2240,1349,891,25482,13364,12118,1830,1179,651,79782,41468,38314,3732,2791,941,27691,15128,12563,301,264,37,SOLAN,HIMACHAL PRADESH,1991
55817,32270,23547,3812,1916,1896,51748,28953,22795,5328,3129,2199,39476,21869,17607,3895,2491,1404,116164,62096,54068,8802,6167,2635,35988,18527,17461,1046,866,180,SOLAN,HIMACHAL PRADESH,2001
60096,33160,26936,7075,3165,3910,55790,29770,26020,9231,4526,4705,50117,26457,23660,7371,4035,3336,161573,85881,75692,15816,10206,5610,46286,23465,22821,2406,1833,573,SOLAN,HIMACHAL PRADESH,2011
33255,15935,17320,1261,663,598,27547,12872,14675,1172,690,482,23054,10963,12091,1098,750,348,82240,39308,42932,2412,2045,367,39360,20085,19275,229,216,13,UNA,HIMACHAL PRADESH,1991
40637,19859,20778,3039,1250,1789,36213,17116,19097,3206,1620,1586,30737,14747,15990,1831,1091,740,107092,52072,55020,4963,3681,1282,48897,23457,25440,603,555,48,UNA,HIMACHAL PRADESH,2001
46311,23077,23234,6519,2270,4249,42219,19891,22328,7580,3027,4553,39542,18994,20548,5107,2391,2716,147984,73558,74426,9877,6205,3672,60183,28675,31508,1712,1483,229,UNA,HIMACHAL PRADESH,2011
95257,49269,45988,4526,2947,1579,79507,41470,38037,5932,4260,1672,72377,38165,34212,4433,3358,1075,262423,140554,121869,10146,8666,1480,71479,39749,31730,656,612,44,ANANTNAG,JAMMU  KASHMIR,2001
93874,46732,47142,10461,6110,4351,82421,41517,40904,10474,6262,4212,72628,36673,35955,6443,3953,2490,231324,119835,111489,14864,10968,3896,69555,35911,33644,1585,1459,126,ANANTNAG,JAMMU  KASHMIR,2011
51644,26992,24652,2465,1723,742,43226,22678,20548,3089,2425,664,38904,20584,18320,2107,1684,423,134305,71415,62890,4486,3760,726,35753,19741,16012,373,352,21,BADGAM,JAMMU  KASHMIR,2001
64695,33951,30744,7307,4643,2664,54133,28788,25345,6724,4588,2136,46538,24506,22032,3521,2491,1030,156008,81529,74479,7009,5703,1306,47365,25007,22358,828,769,59,BADGAM,JAMMU  KASHMIR,2011
37627,19637,17990,3121,1988,1133,31805,17158,14647,3206,2131,1075,26520,14672,11848,1730,1248,482,86449,46279,40170,3418,2809,609,26298,14264,12034,496,462,34,BANDIPORE,JAMMU  KASHMIR,2011
97579,51471,46108,4592,2954,1638,84750,44823,39927,5875,4079,1796,74915,40350,34565,4373,3259,1114,254098,136193,117905,9879,8234,1645,74612,42160,32452,923,834,89,BARAMULA,JAMMU  KASHMIR,2001
94755,49821,44934,12031,7293,4738,87214,48725,38489,12103,7570,4533,72014,39208,32806,6623,4277,2346,226945,121475,105470,14011,10613,3398,71213,37889,33324,2052,1820,232,BARAMULA,JAMMU  KASHMIR,2011
57365,30730,26635,1585,1086,499,52721,28192,24529,1926,1328,598,45724,24717,21007,1790,1309,481,142945,77049,65896,3776,3084,692,45520,24633,20887,276,265,11,DODA,JAMMU  KASHMIR,2001
38242,19607,18635,2502,1533,969,34453,18123,16330,3026,1929,1097,30158,15925,14233,2096,1432,664,86672,45944,40728,4112,3022,1090,29103,14903,14200,579,527,52,DODA,JAMMU  KASHMIR,2011
27794,14653,13141,3199,1965,1234,25265,14104,11161,3036,2045,991,20356,11032,9324,1223,906,317,62617,33502,29115,2281,1868,413,19883,10667,9216,256,215,41,GANDERBAL,JAMMU  KASHMIR,2011
151465,82386,69079,16028,7789,8239,141437,75076,66361,19006,9894,9112,124427,66583,57844,15957,8848,7109,387777,210334,177443,47344,31174,16170,127462,64881,62581,6270,5280,990,JAMMU,JAMMU  KASHMIR,2001
147093,76482,70611,25703,11761,13942,144033,75060,68973,30150,14032,16118,123830,64674,59156,22488,11249,11239,443841,232893,210948,67598,39092,28506,143809,72772,71037,14452,11048,3404,JAMMU,JAMMU  KASHMIR,2011
11632,6528,5104,293,206,87,9195,5363,3832,374,294,80,7587,4422,3165,249,212,37,25364,14806,10558,686,646,40,7509,4352,3157,32,29,3,KARGIL,JAMMU  KASHMIR,2001
15109,8212,6897,577,411,166,15646,9613,6033,965,729,236,11984,7521,4463,716,561,155,31634,18113,13521,1100,937,163,9431,5204,4227,66,61,5,KARGIL,JAMMU  KASHMIR,2011
50629,26834,23795,2579,1387,1192,46164,24235,21929,2912,1762,1150,38425,19849,18576,2527,1656,871,121307,63862,57445,5682,4382,1300,44569,23082,21487,478,434,44,KATHUA,JAMMU  KASHMIR,2001
57528,29538,27990,5079,2273,2806,52176,26242,25934,5663,2703,2960,47710,24644,23066,4335,2400,1935,156996,82683,74313,9854,6634,3220,53101,27140,25961,1381,1202,179,KATHUA,JAMMU  KASHMIR,2011
19734,10014,9720,1291,714,577,19104,9875,9229,1416,874,542,16930,8833,8097,995,649,346,50218,26559,23659,1936,1335,601,17351,9181,8170,182,161,21,KISHTWAR,JAMMU  KASHMIR,2011
41190,20010,21180,4832,2981,1851,34293,16952,17341,4483,2856,1627,30079,15088,14991,2233,1539,694,96815,50425,46390,5004,4192,812,30229,16101,14128,569,537,32,KULGAM,JAMMU  KASHMIR,2011
53029,28337,24692,1687,1158,529,46024,25083,20941,2402,1875,527,40241,22372,17869,1824,1524,300,133636,72836,60800,3691,3322,369,37008,20947,16061,227,215,12,KUPWARA,JAMMU  KASHMIR,2001
70692,38505,32187,5622,3674,1948,68046,41511,26535,6024,4262,1762,57150,33789,23361,3430,2656,774,161592,89782,71810,6867,5816,1051,49372,26863,22509,675,617,58,KUPWARA,JAMMU  KASHMIR,2011
11599,6116,5483,550,285,265,11804,6675,5129,918,588,330,10234,6434,3800,675,524,151,28999,17074,11925,1320,1124,196,9979,5360,4619,92,77,15,LEH LADAKH,JAMMU  KASHMIR,2001
14428,9031,5397,1535,793,742,18701,13083,5618,2171,1284,887,14480,9701,4779,1500,929,571,36315,21523,14792,2135,1654,481,11739,6212,5527,186,155,31,LEHLADAKH,JAMMU  KASHMIR,2011
55401,28491,26910,3595,2451,1144,45202,23487,21715,4272,3250,1022,41975,22115,19860,2885,2288,597,153069,80977,72092,6284,5449,835,41191,22787,18404,505,458,47,PULWAMA,JAMMU  KASHMIR,2001
54308,27160,27148,8249,4798,3451,49785,26637,23148,8359,5289,3070,41424,21692,19732,4428,2973,1455,132989,70092,62897,9095,7205,1890,42730,22029,20701,992,909,83,PULWAMA,JAMMU  KASHMIR,2011
30204,15568,14636,928,607,321,27038,13437,13601,1371,943,428,24986,13073,11913,1353,982,371,76504,40291,36213,3008,2367,641,27109,15100,12009,162,149,13,PUNCH,JAMMU  KASHMIR,2001
40067,20913,19154,2340,1498,842,39839,21838,18001,3246,2158,1088,34237,18423,15814,2393,1638,755,103486,53602,49884,5797,4217,1580,33429,18427,15002,554,497,57,PUNCH,JAMMU  KASHMIR,2011
42593,23205,19388,1389,882,507,37269,19778,17491,1710,1113,597,32916,17887,15029,1584,1087,497,100318,53849,46469,3365,2714,651,33826,18400,15426,177,166,11,RAJAURI,JAMMU  KASHMIR,2001
57680,30997,26683,3741,2071,1670,56959,31848,25111,4283,2601,1682,48683,26991,21692,3194,1976,1218,142545,76375,66170,6892,4959,1933,45256,23895,21361,567,505,62,RAJOURI,JAMMU  KASHMIR,2011
25136,13006,12130,979,621,358,22344,12081,10263,1223,903,320,19372,10408,8964,927,705,222,58132,31043,27089,1583,1301,282,17320,9504,7816,160,151,9,RAMBAN,JAMMU  KASHMIR,2011
29169,15391,13778,1358,706,652,26752,14418,12334,1322,757,565,22198,11964,10234,960,589,371,66642,35635,31007,1663,1155,508,21670,11615,10055,185,157,28,REASI,JAMMU  KASHMIR,2011
30443,15316,15127,3199,1238,1961,29034,14714,14320,3452,1459,1993,25650,13165,12485,2478,1249,1229,86891,46094,40797,4653,3224,1429,28727,14060,14667,605,547,58,SAMBA,JAMMU  KASHMIR,2011
26737,13021,13716,3403,2071,1332,21668,10960,10708,2786,1783,1003,18304,9373,8931,1328,942,386,59074,30601,28473,2608,2098,510,18532,10038,8494,310,284,26,SHUPIYAN,JAMMU  KASHMIR,2011
115529,63937,51592,15365,8925,6440,102046,57499,44547,17648,11088,6560,90851,51985,38866,11218,7685,3533,302936,168164,134772,28916,21886,7030,69741,38100,31641,2937,2529,408,SRINAGAR,JAMMU  KASHMIR,2001
121447,63034,58413,25607,12173,13434,121340,63419,57921,32107,15601,16506,101850,52880,48970,22252,11646,10606,342132,183238,158894,52086,32723,19363,97909,51161,46748,8363,6657,1706,SRINAGAR,JAMMU  KASHMIR,2011
66043,36605,29438,2441,1288,1153,63000,34872,28128,3172,1926,1246,53576,30241,23335,2763,1798,965,158384,88112,70272,5945,4560,1385,49566,26535,23031,381,343,38,UDHAMPUR,JAMMU  KASHMIR,2001
53165,28547,24618,3689,1743,1946,51111,27893,23218,4545,2396,2149,44808,24584,20224,3581,1992,1589,132100,71694,60406,7224,4676,2548,38634,19737,18897,879,716,163,UDHAMPUR,JAMMU  KASHMIR,2011
155792,84014,71778,16397,10524,5873,140534,73115,67419,18294,13315,4979,123689,63145,60544,12093,9179,2914,424642,229633,195009,33962,28031,5931,85476,43656,41820,1903,1756,147,BOKARO,JHARKHAND,2001
188396,98069,90327,22372,12492,9880,177614,92413,85201,28149,17410,10739,154947,79646,75301,20056,13635,6421,501291,260350,240941,45974,34824,11150,136252,71943,64309,6884,6165,719,BOKARO,JHARKHAND,2011
59198,28726,30472,1476,1215,261,54597,26438,28159,2065,1745,320,52115,25421,26694,1702,1510,192,159313,82709,76604,3203,2955,248,46920,24335,22585,263,250,13,CHATRA,JHARKHAND,2001
84903,42912,41991,4380,3027,1353,79542,39533,40009,4700,3453,1247,70015,35159,34856,3066,2355,711,211727,108793,102934,6649,5718,931,67832,35052,32780,633,594,39,CHATRA,JHARKHAND,2011
92592,47217,45375,3955,2904,1051,85538,43031,42507,5378,4263,1115,80344,40181,40163,4482,3615,867,250430,132447,117983,10974,9572,1402,72701,37908,34793,1412,1340,72,DEOGHAR,JHARKHAND,2001
126952,64111,62841,6778,4388,2390,120937,61363,59574,8804,6055,2749,105761,54158,51603,7133,5210,1923,326609,169643,156966,19621,15790,3831,111557,58264,53293,3510,3215,295,DEOGHAR,JHARKHAND,2011
206060,114716,91344,18562,12577,5985,177720,94150,83570,21369,15416,5953,160396,81917,78479,15787,11555,4232,572241,314456,257785,43097,35313,7784,109933,55786,54147,3616,3258,358,DHANBAD,JHARKHAND,2001
250370,132310,118060,30202,17715,12487,226666,118625,108041,33094,21272,11822,190301,99172,91129,22866,15726,7140,650509,339909,310600,62979,47377,15602,164511,85525,78986,8360,7111,1249,DHANBAD,JHARKHAND,2011
138123,67123,71000,3475,2489,986,138640,68004,70636,4961,3797,1164,134064,66272,67792,4182,3378,804,412873,215752,197121,9369,8177,1192,103671,49234,54437,995,927,68,DUMKA,JHARKHAND,2001
109730,52921,56809,3290,1965,1325,109167,54676,54491,4539,3011,1528,95954,48422,47532,3657,2531,1126,321280,163239,158041,10674,8330,2344,103156,48845,54311,1666,1483,183,DUMKA,JHARKHAND,2011
80597,39123,41474,1546,1214,332,73062,36380,36682,2438,2046,392,69521,34408,35113,2212,1972,240,200394,104880,95514,4388,4115,273,67909,36280,31629,330,317,13,GARHWA,JHARKHAND,2001
101489,53035,48454,5324,3676,1648,97941,49152,48789,5701,4174,1527,90036,45202,44834,3556,2778,778,266459,138389,128070,8576,7522,1054,105140,54461,50679,1013,970,43,GARHWA,JHARKHAND,2011
146645,69847,76798,4172,3148,1024,134119,63641,70478,5434,4424,1010,124908,59694,65214,4539,3797,742,396929,201797,195132,9621,8562,1059,113511,56872,56639,1027,950,77,GIRIDIH,JHARKHAND,2001
206884,104095,102789,9969,7081,2888,191331,96255,95076,10808,8101,2707,164333,83093,81240,7595,5859,1736,515392,262848,252544,18918,16036,2882,167030,85009,82021,2526,2337,189,GIRIDIH,JHARKHAND,2011
78477,39145,39332,2175,1684,491,80433,39218,41215,3375,2757,618,76510,38387,38123,3294,2770,524,235431,124043,111388,7626,6951,675,67149,33638,33511,896,865,31,GODDA,JHARKHAND,2001
100556,50738,49818,3856,2544,1312,99888,49734,50154,5107,3650,1457,93299,46794,46505,3993,2987,1006,299582,155733,143849,12902,10804,2098,99277,49632,49645,2036,1927,109,GODDA,JHARKHAND,2011
92046,44413,47633,3586,2248,1338,93437,45377,48060,6107,4177,1930,90666,42375,48291,5281,3951,1330,321363,164017,157346,10682,8936,1746,96212,47351,48861,783,684,99,GUMLA,JHARKHAND,2001
80087,39624,40463,4512,2406,2106,71942,35662,36280,5483,3044,2439,63064,30501,32563,4294,2741,1553,233201,117175,116026,12347,9503,2844,85058,41629,43429,1341,1105,236,GUMLA,JHARKHAND,2011
183700,94321,89379,11367,7790,3577,162139,79424,82715,14866,10970,3896,151817,73542,78275,11889,9082,2807,491034,256172,234862,25486,21238,4248,126338,62907,63431,2046,1878,168,HAZARIBAG,JHARKHAND,2001
150498,78018,72480,12995,8028,4967,138514,70097,68417,14905,10016,4889,119690,60144,59546,10775,7440,3335,382701,196261,186440,25428,19558,5870,124108,62519,61589,3323,2895,428,HAZARIBAGH,JHARKHAND,2011
66737,32992,33745,1946,1268,678,65197,33200,31997,2446,1710,736,56600,28714,27886,1888,1359,529,187646,96367,91279,5015,4166,849,62453,31046,31407,670,611,59,JAMTARA,JHARKHAND,2011
43958,21418,22540,1981,1002,979,40300,20163,20137,2499,1408,1091,34348,16701,17647,1724,1055,669,129294,65037,64257,4496,3293,1203,40743,19375,21368,629,499,130,KHUNTI,JHARKHAND,2011
38234,17904,20330,1526,1126,400,34430,15722,18708,2167,1641,526,31885,14914,16971,1861,1489,372,105933,53095,52838,4239,3769,470,32946,15616,17330,367,345,22,KODARMA,JHARKHAND,2001
59560,30338,29222,3579,2471,1108,54656,27005,27651,3781,2663,1118,48333,24157,24176,2780,2076,704,153928,78506,75422,7244,6039,1205,51651,25308,26343,816,761,55,KODARMA,JHARKHAND,2011
57565,28671,28894,2784,1704,1080,52842,26983,25859,3185,2062,1123,44636,22155,22481,2082,1436,646,150643,77560,73083,4993,3954,1039,47311,24010,23301,421,372,49,LATEHAR,JHARKHAND,2011
25286,12346,12940,1258,778,480,24671,12127,12544,2055,1440,615,23193,10815,12378,1648,1262,386,77666,39330,38336,3054,2561,493,22752,11258,11494,209,186,23,LOHARDAGA,JHARKHAND,2001
36799,18306,18493,2197,1147,1050,32364,16113,16251,2750,1511,1239,28495,13871,14624,2180,1409,771,101152,50741,50411,5754,4366,1388,32937,16270,16667,626,557,69,LOHARDAGA,JHARKHAND,2011
53403,25431,27972,808,541,267,53815,26078,27737,1341,1025,316,52067,25730,26337,1299,1034,265,155193,81574,73619,2948,2588,360,31032,14379,16653,232,207,25,PAKAUR,JHARKHAND,2001
74920,35173,39747,1520,963,557,71289,35191,36098,2123,1383,740,62359,31429,30930,1614,1157,457,200159,101646,98513,4866,3927,939,48726,22609,26117,591,524,67,PAKUR,JHARKHAND,2011
160471,79441,81030,5413,3977,1436,148804,73503,75301,7973,6250,1723,142237,69982,72255,7015,5748,1267,430032,225938,204094,14084,12429,1655,133161,70578,62583,1382,1281,101,PALAMU,JHARKHAND,2001
155614,81804,73810,11453,7601,3852,148144,75125,73019,12296,8596,3700,133054,67531,65523,8347,6128,2219,407005,210992,196013,22305,18482,3823,153996,81268,72728,2982,2743,239,PALAMU,JHARKHAND,2011
158151,77923,80228,7785,4779,3006,161472,79989,81483,11314,7979,3335,149099,71942,77157,9113,6897,2216,489867,254247,235620,19463,16493,2970,119185,54152,65033,1697,1558,139,PASHCHIMI SINGHBHUM,JHARKHAND,2001
131468,62879,68589,5705,2785,2920,117732,59494,58238,7466,4114,3352,97881,48288,49593,5485,3327,2158,353422,177598,175824,17197,13073,4124,89637,40251,49386,1883,1648,235,PASHCHIMI SINGHBHUM,JHARKHAND,2011
178754,91439,87315,21127,11431,9696,177315,89519,87796,29995,18102,11893,154061,79605,74456,23671,15870,7801,496958,263640,233318,54773,40701,14072,132006,64446,67560,6412,5507,905,PURBI SINGHBHUM,JHARKHAND,2001
215693,107205,108488,27484,13110,14374,208718,104263,104455,37659,19788,17871,181709,92187,89522,31210,17563,13647,630832,327259,303573,91060,61487,29573,187921,92002,95919,13556,10785,2771,PURBI SINGHBHUM,JHARKHAND,2011
89788,48026,41762,9590,5446,4144,80421,42272,38149,11013,7134,3879,68177,35418,32759,7334,5111,2223,227751,119121,108630,17160,13562,3598,58391,29469,28922,1509,1356,153,RAMGARH,JHARKHAND,2011
231458,119269,112189,27223,16285,10938,219799,111406,108393,34744,22363,12381,198081,98403,99678,26210,17736,8474,643824,339156,304668,63091,47444,15647,172293,87470,84823,8530,7308,1222,RANCHI,JHARKHAND,2001
261237,131590,129647,39531,20353,19178,245559,123579,121980,50230,27768,22462,211030,106157,104873,39392,23157,16235,713831,370597,343234,111553,76067,35486,210243,107062,103181,18313,14747,3566,RANCHI,JHARKHAND,2011
70720,34553,36167,1845,1348,497,71123,34834,36289,2953,2298,655,67725,33748,33977,2542,2067,475,197659,104658,93001,5939,5258,681,45467,21368,24099,529,499,30,SAHIBGANJ,JHARKHAND,2001
91835,45506,46329,3143,1924,1219,88342,43913,44429,3741,2504,1237,77761,39102,38659,2833,2040,793,253430,130922,122508,8597,6975,1622,68385,33765,34620,1122,1005,117,SAHIBGANJ,JHARKHAND,2011
94209,47469,46740,6356,3544,2812,89614,45284,44330,8650,5163,3487,76674,38897,37777,6378,4102,2276,263251,136151,127100,16673,12908,3765,87509,41659,45850,2287,2025,262,SARAIKELAKHARSAWAN,JHARKHAND,2011
48374,24053,24321,1745,858,887,43919,22219,21700,2442,1273,1169,38839,18968,19871,1875,1104,771,149684,75511,74173,5919,4323,1596,52854,24772,28082,716,592,124,SIMDEGA,JHARKHAND,2011
143198,74942,68256,7942,5104,2838,133064,62599,70465,10030,7342,2688,112281,54781,57500,7502,5906,1596,384059,193439,190620,16372,14441,1931,120353,53245,67108,1553,1450,103,BAGALKOT,KARNATAKA,2001
180276,92562,87714,15887,9344,6543,166500,80839,85661,15879,10158,5721,133200,66508,66692,10598,7174,3424,463390,228927,234463,26730,21619,5111,168890,76248,92642,3604,3340,264,BAGALKOT,KARNATAKA,2011
529055,280181,248874,56467,29137,27330,490880,247643,243237,77333,45383,31950,383045,207163,175882,65700,41930,23770,1096087,613750,482337,139624,104180,35444,278441,144610,133831,17581,15520,2061,BANGALORE,KARNATAKA,1991
764736,407287,357449,121302,65722,55580,730270,375740,354530,154830,85824,69006,551082,298143,252939,115315,67994,47321,1673760,902562,771198,298711,197617,101094,411338,208306,203032,46172,37373,8799,BANGALORE,KARNATAKA,2001
1094930,567855,527075,260012,132450,127562,1198814,615684,583130,385952,199615,186337,955234,517351,437883,298122,169388,128734,2655958,1414357,1241601,592968,363065,229903,722578,365864,356714,120594,87695,32899,BANGALORE,KARNATAKA,2011
142734,74695,68039,3790,2690,1100,135115,64665,70450,5550,4450,1100,110799,53681,57118,3630,3120,510,378986,203808,175178,5380,4990,390,135880,70910,64970,870,810,60,BANGALORE RURAL,KARNATAKA,1991
174148,93230,80918,8815,5753,3062,163189,79463,83726,10607,7685,2922,133470,66862,66608,7625,6056,1569,483395,249238,234157,14370,12451,1919,167652,82959,84693,1155,1066,89,BANGALORE RURAL,KARNATAKA,2001
104190,53706,50484,11324,6210,5114,99676,51089,48587,10609,6438,4171,78740,41352,37388,6613,4483,2130,274328,141584,132744,13923,10916,3007,101168,49949,51219,1249,1086,163,BANGALORE RURAL,KARNATAKA,2011
319049,163657,155392,10266,6436,3830,297736,142901,154835,14298,10948,3350,246216,122815,123401,12200,9720,2480,811108,426023,385085,25924,23337,2587,261292,126992,134300,2180,1900,280,BELGAUM,KARNATAKA,1991
362851,189321,173530,21976,13708,8268,346737,165637,181100,27339,18601,8738,302730,149029,153701,20379,14906,5473,1048117,531108,517009,51085,41683,9402,336821,157105,179716,5666,5037,629,BELGAUM,KARNATAKA,2001
444897,232409,212488,42683,24277,18406,400330,197080,203250,41403,25398,16005,339726,168193,171533,29233,18744,10489,1284575,637816,646759,78486,59133,19353,483958,227341,256617,12691,11047,1644,BELGAUM,KARNATAKA,2011
156383,77036,79347,5890,3920,1970,154102,72893,81209,7340,5580,1760,124988,61864,63124,5300,4240,1060,394400,208825,185575,10270,9120,1150,111830,52790,59040,670,640,30,BELLARY,KARNATAKA,1991
175498,91384,84114,11063,6811,4252,165056,79241,85815,13644,8976,4668,137999,69289,68710,10007,7380,2627,463010,235747,227263,21773,18059,3714,129718,57998,71720,1739,1599,140,BELLARY,KARNATAKA,2001
249942,127863,122079,21502,11942,9560,230034,113030,117004,22901,13505,9396,181476,93347,88129,16020,10166,5854,600549,302916,297633,38958,29326,9632,182156,81628,100528,4133,3724,409,BELLARY,KARNATAKA,2011
98812,51901,46911,2700,2200,500,90167,43689,46478,4270,3540,730,76327,37560,38767,3340,2910,430,257608,133307,124301,6630,6170,460,95921,48211,47710,280,280,0,BIDAR,KARNATAKA,1991
115840,63489,52351,8669,5996,2673,107870,52523,55347,11534,8703,2831,96233,47692,48541,8317,6693,1624,332854,169546,163308,16683,14606,2077,118582,57767,60815,1338,1231,107,BIDAR,KARNATAKA,2001
165566,91164,74402,16245,9614,6631,137413,70586,66827,15609,9917,5692,111218,56242,54976,10873,7506,3367,399450,201431,198019,27489,22376,5113,173723,81793,91930,3044,2725,319,BIDAR,KARNATAKA,2011
249715,127433,122282,9990,7320,2670,229013,109709,119304,11400,9390,2010,186082,91013,95069,7930,7000,930,626429,322252,304177,16250,15000,1250,198300,92770,105530,1260,1180,80,BIJAPUR,KARNATAKA,1991
143937,76842,67095,9941,6739,3202,136395,65954,70441,13398,10195,3203,118357,57294,61063,9787,7836,1951,422708,213397,209311,20902,18384,2518,143779,67729,76050,2184,2038,146,BIJAPUR,KARNATAKA,2001
203007,106802,96205,19695,12064,7631,182253,89948,92305,19448,13029,6419,145317,72285,73032,12763,8979,3784,537056,267685,269371,34251,28085,6166,198261,95440,102821,4408,4040,368,BIJAPUR,KARNATAKA,2011
89711,45818,43893,4007,2720,1287,86678,40664,46014,4768,3543,1225,71825,35312,36513,3273,2628,645,254939,132810,122129,6419,5577,842,85095,41416,43679,535,500,35,CHAMARAJANAGAR,KARNATAKA,2001
97330,49319,48011,7199,4020,3179,94260,46029,48231,6708,4264,2444,77475,37770,39705,4830,3406,1424,305618,152947,152671,10919,8892,2027,117813,57390,60423,1081,1000,81,CHAMARAJANAGAR,KARNATAKA,2011
115758,59599,56159,11172,6409,4763,109584,53868,55716,9847,6216,3631,91348,45166,46182,6185,4138,2047,363234,183103,180131,15467,12219,3248,132581,65249,67332,1599,1439,160,CHIKKABALLAPURA,KARNATAKA,2011
97832,47518,50314,4200,2240,1960,94008,44750,49258,5250,3510,1740,73146,37494,35652,4501,3414,1087,233638,124175,109463,6590,5810,780,69823,36030,33793,313,290,23,CHIKMAGALUR,KARNATAKA,1991
108374,53498,54876,6900,3465,3435,102954,48133,54821,8375,4849,3526,87682,43660,44022,6845,4667,2178,309222,161610,147612,15731,12638,3093,90312,44222,46090,1008,901,107,CHIKMAGALUR,KARNATAKA,2001
103307,50396,52911,12396,5738,6658,101331,49378,51953,10754,5748,5006,85219,41871,43348,6988,3971,3017,364779,183686,181093,21932,15614,6318,122246,57991,64255,2417,2093,324,CHIKMAGALUR,KARNATAKA,2011
197720,101686,96034,7750,4950,2800,183269,86374,96895,10570,7940,2630,147359,73465,73894,7540,6080,1460,479893,257797,222096,14240,12810,1430,153683,79092,74591,1100,990,110,CHITRADURGA,KARNATAKA,1991
132059,68478,63581,7729,4901,2828,126242,60155,66087,10885,7807,3078,108566,53943,54623,8366,6474,1892,388741,201899,186842,17295,15043,2252,126241,62894,63347,1344,1274,70,CHITRADURGA,KARNATAKA,2001
156981,79747,77234,13318,7131,6187,146701,71493,75208,12996,7812,5184,120913,61228,59685,9535,6464,3071,477715,241723,235992,29034,23344,5690,167841,82656,85185,3059,2789,270,CHITRADURGA,KARNATAKA,2011
267564,124465,143099,17180,7830,9350,226108,105772,120336,18810,10860,7950,179003,87021,91982,13620,9460,4160,609411,301455,307956,25023,20035,4988,208767,97307,111460,2010,1750,260,DAKSHINA KANNADA,KARNATAKA,1991
197842,96665,101177,18363,8095,10268,169093,81124,87969,19554,9516,10038,139400,68748,70652,14765,8009,6756,492125,247996,244129,37483,25133,12350,157022,70852,86170,3726,2913,813,DAKSHINA KANNADA,KARNATAKA,2001
210759,102561,108198,31687,13451,18236,192373,93003,99370,27781,12572,15209,165623,81433,84190,19468,8920,10548,643674,321711,321963,62444,35802,26642,207055,93344,113711,9540,7462,2078,DAKSHINA KANNADA,KARNATAKA,2011
169223,90415,78808,12580,7702,4878,151682,73965,77717,14214,9628,4586,126095,63252,62843,9883,7295,2588,440287,229178,211109,23604,19558,4046,129992,61840,68152,2081,1944,137,DAVANAGERE,KARNATAKA,2001
194098,99903,94195,20618,10782,9836,178276,89274,89002,18538,10998,7540,145473,73091,72382,12756,8068,4688,549202,279345,269857,35243,26840,8403,180049,86113,93936,4442,4021,421,DAVANAGERE,KARNATAKA,2011
323285,170515,152770,14110,8560,5550,288021,139383,148638,16410,11860,4550,232914,118393,114521,13230,10300,2930,755964,397572,358392,29980,25830,4150,235629,111841,123788,2410,2280,130,DHARWAD,KARNATAKA,1991
155399,83615,71784,14778,8056,6722,138092,67218,70874,16719,9735,6984,117446,59176,58270,12761,8006,4755,400797,205880,194917,37315,27753,9562,117482,55572,61910,5378,4766,612,DHARWAD,KARNATAKA,2001
183861,95334,88527,23012,11546,11466,167840,83224,84616,24545,13094,11451,139284,70523,68761,18881,10653,8228,515214,260572,254642,57794,38477,19317,173767,82759,91008,11559,9721,1838,DHARWAD,KARNATAKA,2011
86070,46502,39568,5515,3532,1983,77712,37804,39908,6568,4640,1928,67378,33489,33889,4859,3714,1145,238661,120079,118582,11119,9595,1524,74366,32279,42087,1286,1186,100,GADAG,KARNATAKA,2001
105623,55321,50302,9581,5112,4469,95115,47586,47529,9173,5576,3597,76009,38361,37648,6407,4210,2197,285425,142311,143114,17011,13549,3462,101044,45759,55285,2313,2116,197,GADAG,KARNATAKA,2011
206416,105583,100833,5890,4160,1730,196000,93835,102165,7840,5960,1880,161444,79844,81600,7070,6120,950,563257,288537,274720,13740,12550,1190,170526,81436,89090,1000,970,30,GULBARGA,KARNATAKA,1991
235839,123819,112020,14710,9211,5499,229536,109617,119919,18449,12914,5535,198443,97643,100800,13021,9955,3066,699767,351901,347866,29065,24592,4473,219165,100290,118875,2821,2629,192,GULBARGA,KARNATAKA,2001
249997,131067,118930,26098,14225,11873,215646,107665,107981,25258,14938,10320,168494,84540,83954,16215,10445,5770,610330,304469,305861,40763,31088,9675,214776,100209,114567,5742,5049,693,GULBARGA,KARNATAKA,2011
143900,70939,72961,5220,2840,2380,131982,62680,69302,7210,5040,2170,107376,52386,54990,5220,4090,1130,350408,184871,165537,8737,7917,820,115081,57061,58020,440,400,40,HASSAN,KARNATAKA,1991
158367,79278,79089,9871,5523,4348,146430,69803,76627,11215,7118,4097,126749,62595,64154,8901,6365,2536,464068,237581,226487,20631,16844,3787,149270,69309,79961,1499,1381,118,HASSAN,KARNATAKA,2001
165984,83519,82465,17687,7935,9752,160551,80663,79888,15547,8204,7343,132342,65838,66504,10252,5962,4290,555807,276987,278820,30445,22112,8333,209808,97271,112537,3303,2879,424,HASSAN,KARNATAKA,2011
130750,71736,59014,7173,4559,2614,116115,57064,59051,8576,6142,2434,100691,49623,51068,5828,4528,1300,349454,181771,167683,12328,10635,1693,101033,47465,53568,1133,1083,50,HAVERI,KARNATAKA,2001
160382,86144,74238,12585,6970,5615,142478,73116,69362,12262,7619,4643,115402,58842,56560,8586,5869,2717,436140,221259,214881,19999,15947,4052,141138,68988,72150,2376,2192,184,HAVERI,KARNATAKA,2011
46787,21187,25600,2400,670,1730,46328,21373,24955,2930,1440,1490,37860,19280,18580,2716,1836,880,120448,64769,55679,5681,4431,1250,33761,17417,16344,430,380,50,KODAGU,KARNATAKA,1991
49887,24455,25432,3783,1701,2082,49546,23292,26254,4855,2381,2474,41765,20713,21052,3889,2185,1704,155290,80431,74859,11137,7362,3775,42009,20172,21837,1051,892,159,KODAGU,KARNATAKA,2001
47975,23376,24599,5663,2612,3051,47595,23378,24217,5636,2745,2891,41113,20176,20937,4653,2278,2375,178392,89157,89235,15325,8794,6531,57774,26704,31070,2959,2139,820,KODAGU,KARNATAKA,2011
182212,91495,90717,4940,3110,1830,181065,85447,95618,7653,5620,2033,147063,70866,76197,5810,4580,1230,520432,273871,246561,10460,9370,1090,171052,88590,82462,640,620,20,KOLAR,KARNATAKA,1991
222346,114734,107612,13372,8295,5077,218052,102980,115072,15442,10535,4907,180901,89860,91041,11046,8275,2771,646204,333054,313150,23919,19683,4236,214823,105878,108945,1848,1634,214,KOLAR,KARNATAKA,2001
147972,75342,72630,16529,8802,7727,139133,68857,70276,15227,9045,6182,112478,56603,55875,9820,6305,3515,426285,216172,210113,23101,17021,6080,154857,74908,79949,2509,2141,368,KOLAR,KARNATAKA,2011
94997,48912,46085,4134,2685,1449,93378,43847,49531,5197,3706,1491,78401,38604,39797,3751,2965,786,265331,134578,130753,7161,6389,772,75022,31769,43253,561,532,29,KOPPAL,KARNATAKA,2001
135314,70256,65058,9177,5490,3687,121634,60441,61193,9309,5918,3391,95099,48012,47087,6207,4287,1920,324265,161471,162794,12930,10486,2444,114013,50110,63903,1264,1171,93,KOPPAL,KARNATAKA,2011
149744,77776,71968,4020,2650,1370,136268,63409,72859,5770,4500,1270,110021,54510,55511,4650,4170,480,376903,200225,176678,8540,7880,660,132994,67485,65509,580,570,10,MANDYA,KARNATAKA,1991
162711,83566,79145,9129,5717,3412,154426,73924,80502,10307,7388,2919,129996,64243,65753,7338,5749,1589,467587,240952,226635,17884,15613,2271,161175,74681,86494,1387,1289,98,MANDYA,KARNATAKA,2001
170210,87021,83189,16665,7856,8809,164650,82513,82137,15608,8935,6673,136630,67390,69240,10656,7012,3644,551337,274279,277058,26303,21205,5098,214369,99438,114931,3205,2936,269,MANDYA,KARNATAKA,2011
298477,150061,148416,13870,7630,6240,272379,129798,142581,17720,11230,6490,216228,109118,107110,14510,10070,4440,716104,387516,328588,31220,25330,5890,232003,119416,112587,3480,3120,360,MYSORE,KARNATAKA,1991
256049,132464,123585,22008,12296,9712,237754,114113,123641,24644,14758,9886,196984,99316,97668,19454,12317,7137,677547,355772,321775,56612,40481,16131,213477,103382,110095,8445,7117,1328,MYSORE,KARNATAKA,2001
305388,154096,151292,44495,23103,21392,286498,141127,145371,39432,21457,17975,233328,116329,116999,27627,16004,11623,883229,449094,434135,85783,56035,29748,302368,146192,156176,17523,13601,3922,MYSORE,KARNATAKA,2011
183285,89594,93691,4450,3010,1440,186283,88734,97549,5668,4580,1088,152011,75470,76541,4310,3630,680,490282,255106,235176,9630,8750,880,139053,62793,76260,650,540,110,RAICHUR,KARNATAKA,1991
129181,66010,63171,5855,3815,2040,129195,60266,68929,7329,5067,2262,112245,55075,57170,5696,4372,1324,379619,193150,186469,12706,10814,1892,98122,42747,55375,952,870,82,RAICHUR,KARNATAKA,2001
189067,95333,93734,14793,8770,6023,171676,83744,87932,14352,9273,5079,132593,66309,66284,8590,5916,2674,458894,227611,231283,20423,16144,4279,139496,60881,78615,2120,1916,204,RAICHUR,KARNATAKA,2011
107167,56028,51139,9967,5142,4825,101330,52186,49144,9099,5425,3674,79583,40827,38756,5832,3981,1851,309840,153323,156517,13112,10542,2570,132692,63839,68853,1255,1134,121,RAMANAGARA,KARNATAKA,2011
186842,93863,92979,7970,4550,3420,172617,81510,91107,10214,7224,2990,131974,68100,63874,7690,6060,1630,418578,224171,194407,14430,12690,1740,121983,63653,58330,610,580,30,SHIMOGA,KARNATAKA,1991
158918,80658,78260,13747,7386,6361,146600,70780,75820,14786,9038,5748,123190,61893,61297,11205,7407,3798,434280,225410,208870,28835,22450,6385,118638,55962,62676,2057,1885,172,SHIMOGA,KARNATAKA,2001
164792,82133,82659,21115,9590,11525,154169,75978,78191,18494,9794,8700,130707,64924,65783,13165,7476,5689,542746,273796,268950,41426,28754,12672,165386,77222,88164,5169,4504,665,SHIMOGA,KARNATAKA,2011
192137,98672,93465,7080,4420,2660,184992,85907,99085,9870,7600,2270,159617,76263,83354,7760,6350,1410,552671,292681,259990,12636,11446,1190,188235,98855,89380,690,670,20,TUMKUR,KARNATAKA,1991
226542,117989,108553,14062,8644,5418,211650,100318,111332,17278,11655,5623,186092,91260,94832,13338,9970,3368,702171,360615,341556,31809,26709,5100,234917,115637,119280,2780,2608,172,TUMKUR,KARNATAKA,2001
246216,126235,119981,26348,13707,12641,233375,116242,117133,22919,13402,9517,195529,96875,98654,15480,9635,5845,811155,402878,408277,49347,37623,11724,318448,155004,163444,6106,5547,559,TUMKUR,KARNATAKA,2011
111561,49292,62269,11056,4794,6262,92380,41410,50970,10813,5308,5505,75800,35557,40243,7792,4464,3328,296152,138628,157524,19258,13721,5537,118017,51842,66175,2076,1825,251,UDUPI,KARNATAKA,2001
111819,52110,59709,16242,6711,9531,107096,49024,58072,14470,6345,8125,91148,43452,47696,10258,4852,5406,371207,176543,194664,31547,19146,12401,154782,68172,86610,5502,4632,870,UDUPI,KARNATAKA,2011
113590,57480,56110,5790,2770,3020,104530,50330,54200,6610,4460,2150,84374,43087,41287,5310,3870,1440,276914,145402,131512,10871,9340,1531,88454,43512,44942,760,680,80,UTTARA KANNADA,KARNATAKA,1991
130191,67534,62657,9375,4537,4838,118123,58669,59454,11817,6578,5239,99404,50550,48854,8948,5711,3237,353629,181805,171824,20974,16129,4845,107601,50412,57189,1718,1513,205,UTTARA KANNADA,KARNATAKA,2001
134794,68242,66552,14230,6262,7968,130752,65639,65113,14524,7118,7406,111651,57115,54536,10999,5987,5012,436894,221059,215835,31277,21068,10209,145646,68354,77292,4425,3850,575,UTTARA KANNADA,KARNATAKA,2011
104956,54143,50813,6024,3684,2340,94523,46570,47953,6141,4042,2099,76028,37641,38387,4430,3166,1264,267031,131500,135531,9450,8037,1413,92349,40256,52093,844,776,68,YADGIR,KARNATAKA,2011
213812,99527,114285,13270,4720,8550,184821,88328,96493,13195,6260,6935,149473,73405,76068,9060,4940,4120,507378,250405,256973,19290,12260,7030,221097,100766,120331,2380,1960,420,ALAPPUZHA,KERALA,1991
185037,88389,96648,18980,6322,12658,185490,84242,101248,22969,8426,14543,173310,80491,92819,15841,6556,9285,635543,307686,327857,36128,19278,16850,271910,119044,152866,5962,4395,1567,ALAPPUZHA,KERALA,2001
146758,72479,74279,31563,11973,19590,150967,69517,81450,34291,12161,22130,153465,70438,83027,23087,8090,14997,758402,352212,406190,61425,27322,34103,322246,143907,178339,12356,8255,4101,ALAPPUZHA,KERALA,2011
320869,158545,162324,23850,9280,14570,279882,137913,141969,26910,12340,14570,225355,116860,108495,21650,12150,9500,718765,368439,350326,44690,29600,15090,264272,121311,142961,5030,3960,1070,ERNAKULAM,KERALA,1991
272511,135009,137502,38900,13973,24927,277401,132687,144714,46606,17740,28866,272502,134547,137955,35404,15321,20083,960042,485311,474731,91662,50423,41239,352743,156904,195839,12474,9155,3319,ERNAKULAM,KERALA,2001
235855,121109,114746,69014,28926,40088,238325,116775,121550,74379,29500,44879,239287,116713,122574,52985,20593,32392,1192649,587285,605364,156032,73717,82315,450794,204206,246588,30466,20177,10289,ERNAKULAM,KERALA,2011
123831,60045,63786,5190,2150,3040,109571,54304,55267,5630,2970,2660,84780,43760,41020,3750,2320,1430,262315,138458,123857,5500,3930,1570,74235,38056,36179,210,180,30,IDUKKI,KERALA,1991
105729,51795,53934,8221,3272,4949,109092,53465,55627,10113,4524,5589,96581,48401,48180,6948,3509,3439,336988,172381,164607,13516,8201,5315,102560,49050,53510,898,666,232,IDUKKI,KERALA,2001
81667,41758,39909,14809,7004,7805,85747,43333,42414,15331,6796,8535,83361,41198,42163,10011,4408,5603,401714,198914,202800,25163,13010,12153,128559,60217,68342,2428,1714,714,IDUKKI,KERALA,2011
232318,109400,122918,11970,5840,6130,201534,95092,106442,11300,6320,4980,160017,79740,80277,6770,4370,2400,516541,250306,266235,12700,9190,3510,189136,85558,103578,770,640,130,KANNUR,KERALA,1991
239450,115360,124090,20536,7466,13070,213544,98508,115036,23780,10205,13575,186682,85265,101417,15837,8195,7642,651199,306295,344904,28783,18128,10655,246752,107195,139557,2639,2130,509,KANNUR,KERALA,2001
199663,94983,104680,41385,15149,26236,197603,86704,110899,38977,12915,26062,195261,85303,109958,26408,9248,17160,818566,372328,446238,62862,32566,30296,316238,137703,178535,8495,6287,2208,KANNUR,KERALA,2011
110136,51004,59132,3940,2080,1860,96840,45889,50951,4240,2790,1450,70292,34346,35946,2790,2090,700,226298,112897,113401,4448,3808,640,74932,36219,38713,320,310,10,KASARAGOD,KERALA,1991
123852,59792,64060,6597,2828,3769,105173,48501,56672,7840,4016,3824,87063,41096,45967,5204,3065,2139,297629,144617,153012,9980,7350,2630,98838,44855,53983,764,694,70,KASARAGOD,KERALA,2001
117636,55642,61994,16172,6669,9503,113958,51448,62510,13353,5471,7882,102124,46516,55608,8727,3844,4883,386920,183788,203132,20773,12773,8000,127814,57451,70363,2295,1949,346,KASARAGOD,KERALA,2011
264938,122508,142430,15850,6090,9760,225339,107018,118321,16390,7910,8480,180843,90040,90803,11810,6730,5080,588923,295339,293584,21887,14940,6947,213052,100109,112943,2100,1790,310,KOLLAM,KERALA,1991
245026,115503,129523,24731,8015,16716,234255,108410,125845,29505,11089,18416,209835,98246,111589,19768,8796,10972,759015,368937,390078,44035,24558,19477,281616,125760,155856,5526,4233,1293,KOLLAM,KERALA,2001
199854,95208,104646,40841,14845,25996,199985,89590,110395,42639,14876,27763,195866,88041,107825,29966,10637,19329,910332,420544,489788,77849,36060,41789,350012,157806,192206,13410,9142,4268,KOLLAM,KERALA,2011
202901,98925,103976,17960,7050,10910,173493,85103,88390,18510,9000,9510,142892,74443,68449,12873,7563,5310,468365,236318,232047,27196,17868,9328,193201,93190,100011,3250,2620,630,KOTTAYAM,KERALA,1991
160996,79685,81311,22177,8722,13455,169395,80885,88510,26104,10839,15265,163870,80156,83714,19467,8734,10733,599414,299818,299596,52589,28955,23634,251835,115524,136311,8336,6086,2250,KOTTAYAM,KERALA,2001
129329,68170,61159,33246,15351,17895,129779,63724,66055,35768,15122,20646,132945,63546,69399,24703,10087,14616,716316,346835,369481,81322,38601,42721,312089,142669,169420,18334,12211,6123,KOTTAYAM,KERALA,2011
287083,137580,149503,13520,6260,7260,237242,111644,125598,12760,7390,5370,187962,94477,93485,8640,5350,3290,603400,298192,305208,17760,12950,4810,217389,99892,117497,1470,1100,370,KOZHIKODE,KERALA,1991
285016,136908,148108,23488,9086,14402,256656,118759,137897,26664,12041,14623,228203,107677,120526,18236,9937,8299,780891,379017,401874,36301,23537,12764,277870,123337,154533,3469,2716,753,KOZHIKODE,KERALA,2001
246515,116838,129677,47432,18519,28913,245890,109469,136421,45613,17233,28380,234874,104571,130303,30619,12315,18304,999936,467559,532377,74535,40906,33629,360880,163737,197143,10682,7946,2736,KOZHIKODE,KERALA,2011
314804,148672,166132,7540,4060,3480,246542,110297,136245,6890,4070,2820,177647,82547,95100,5610,3620,1990,600533,287990,312543,8960,6550,2410,202452,93864,108588,370,340,30,MALAPPURAM,KERALA,1991
375235,186217,189018,14636,6548,8088,290558,131827,158731,15603,7718,7885,239528,105693,133835,10869,6190,4679,785058,367187,417871,20777,13799,6978,263551,117950,145601,1332,1146,186,MALAPPURAM,KERALA,2001
406877,194357,212520,49979,23427,26552,364628,164498,200130,37296,17637,19659,300552,132859,167693,19368,9214,10154,1061341,481860,579481,41406,24512,16894,341779,153975,187804,4189,3287,902,MALAPPURAM,KERALA,2011
234991,109026,125965,9460,3950,5510,200837,94837,106000,8050,4360,3690,155841,77673,78168,6338,3768,2570,549773,269535,280238,12180,8820,3360,211761,96537,115224,1580,1430,150,PALAKKAD,KERALA,1991
252475,120847,131628,15343,5817,9526,226872,105935,120937,16557,6924,9633,191588,90463,101125,11698,5679,6019,690598,334707,355891,26141,16117,10024,265758,117090,148668,3698,3109,589,PALAKKAD,KERALA,2001
246144,119819,126325,38854,15418,23436,242415,116092,126323,31993,12651,19342,211243,100653,110590,19404,7869,11535,866823,413466,453357,49253,25615,23638,333511,147378,186133,8816,6795,2021,PALAKKAD,KERALA,2011
118022,54512,63510,9100,3440,5660,102850,47314,55536,9070,3750,5320,83429,38401,45028,5790,2790,3000,312927,150965,161962,14610,8970,5640,142438,68701,73737,1840,1460,380,PATHANAMTHITTA,KERALA,1991
100604,48208,52396,11638,4163,7475,99106,44682,54424,13576,5004,8572,93774,41722,52052,9358,3676,5682,375474,176359,199115,24768,12552,12216,180018,83047,96971,5613,3991,1622,PATHANAMTHITTA,KERALA,2001
82770,41860,40910,19718,8090,11628,79258,36071,43187,19088,7022,12066,78280,34401,43879,12509,4303,8206,425385,190509,234876,38083,16220,21863,213383,96706,116677,10915,7182,3733,PATHANAMTHITTA,KERALA,2011
290699,136891,153808,38293,13613,24680,285707,132931,152776,45489,17726,27763,265249,125504,139745,32766,14960,17806,975468,476928,498540,91682,51029,40653,337184,150158,187026,14355,10453,3902,THIRUVANANTHAPURAM,KERALA,2001
266969,128374,138595,62084,24001,38083,258879,120193,138686,69814,26478,43336,245395,114711,130684,50912,20193,30719,1134436,532041,602395,144673,69182,75491,429431,196067,233364,32603,21289,11314,THIRUVANANTHAPURAM,KERALA,2011
305649,143199,162450,20530,7620,12910,249889,117599,132290,17870,7770,10100,199072,96047,103025,11760,6170,5590,663038,311702,351336,23625,14800,8825,272255,120245,152010,2790,2340,450,THRISSUR,KERALA,1991
265529,126462,139067,30043,9662,20381,257088,118511,138577,35363,12819,22544,246644,115542,131102,25393,10401,14992,859796,409178,450618,53544,27299,26245,346943,147218,199725,7085,5233,1852,THRISSUR,KERALA,2001
239355,116293,123062,61337,22395,38942,226434,103198,123236,54592,18190,36402,217204,97933,119271,35721,11479,24242,1078224,502162,576062,101469,43086,58383,428595,185789,242806,17315,11798,5517,THRISSUR,KERALA,2011
309768,145851,163917,23747,9527,14220,287827,135368,152459,25747,11767,13980,240839,119201,121638,20610,11310,9300,745360,374756,370604,52659,34239,18420,249437,115487,133950,5910,4970,940,TRIVANDRUM,KERALA,1991
73510,37008,36502,1910,990,920,64617,32024,32593,2570,1570,1000,48860,25750,23110,1880,1310,570,148774,78780,69994,2600,1930,670,41708,20927,20781,80,60,20,WAYANAD,KERALA,1991
81831,39401,42430,4397,1804,2593,75858,37562,38296,5252,2483,2769,61634,31004,30630,3637,2056,1581,204431,105144,99287,6332,4195,2137,58097,27080,31017,291,222,69,WAYANAD,KERALA,2001
66417,31936,34481,8845,3961,4884,70224,33366,36858,8734,3663,5071,65644,31334,34310,6059,2680,3379,260210,128056,132154,13509,7777,5732,78062,35984,42078,919,678,241,WAYANAD,KERALA,2011
5634,2769,2865,112,62,50,5160,2597,2563,191,126,65,4358,2245,2113,158,124,34,14752,7715,7037,485,435,50,3729,1884,1845,13,12,1,LAKSHADWEEP,LAKSHADWEEP,2001
5829,3071,2758,448,176,272,5967,3135,2832,645,342,303,5437,2777,2660,389,250,139,19774,10322,9452,732,607,125,5270,2674,2596,84,82,2,LAKSHADWEEP,LAKSHADWEEP,2011
52304,25106,27198,1433,755,678,46163,22490,23673,2139,1257,882,43756,21735,22021,2011,1370,641,156736,78965,77771,3914,2923,991,38985,18436,20549,304,261,43,ALIRAJPUR,MADHYA PRADESH,2011
72692,36654,36038,5705,3159,2546,60346,31029,29317,5843,3796,2047,51917,25879,26038,4002,2851,1151,197724,100657,97067,10595,8339,2256,53692,25413,28279,708,606,102,ANUPPUR,MADHYA PRADESH,2011
75819,39969,35850,4229,2500,1729,67952,35575,32377,4741,3084,1657,60220,31065,29155,3392,2258,1134,182932,97184,85748,7898,5730,2168,65751,33416,32335,1088,947,141,ASHOKNAGAR,MADHYA PRADESH,2011
117006,56486,60520,5160,3570,1590,105648,51005,54643,4540,3520,1020,97264,47874,49390,3270,2600,670,315624,160514,155110,6080,5200,880,97926,48076,49850,430,360,70,BALAGHAT,MADHYA PRADESH,1991
119468,59394,60074,6240,3681,2559,114064,55125,58939,8488,5911,2577,111656,53836,57820,6692,5036,1656,360342,179669,180673,13429,11181,2248,115762,52396,63366,940,840,100,BALAGHAT,MADHYA PRADESH,2001
161929,79365,82564,12049,5486,6563,135959,68790,67169,13962,7651,6311,122853,60079,62774,10258,6303,3955,467185,232559,234626,24431,18389,6042,140366,62533,77833,2531,2203,328,BALAGHAT,MADHYA PRADESH,2011
85847,42824,43023,2632,1531,1101,79846,39331,40515,3112,2108,1004,74063,37896,36167,2657,1943,714,201087,103767,97320,6049,4853,1196,58572,27360,31212,472,429,43,BARWANI,MADHYA PRADESH,2001
118808,60228,58580,4388,2313,2075,101621,51265,50356,5604,3348,2256,92196,46583,45613,4631,2997,1634,287662,146750,140912,10985,8156,2829,81569,37906,43663,1249,1068,181,BARWANI,MADHYA PRADESH,2011
185475,83090,102385,3948,2418,1530,199659,98085,101574,5590,4057,1533,164327,82270,82057,3940,3150,790,504273,262395,241878,6830,5810,1020,123727,58523,65204,343,303,40,BASTAR,MADHYA PRADESH,1991
97580,47590,49990,3350,1780,1570,90234,44839,45395,4019,2749,1270,75078,38991,36087,3120,2480,640,233695,121098,112597,5570,4550,1020,87522,45022,42500,330,320,10,BETUL,MADHYA PRADESH,1991
111081,57807,53274,7598,4478,3120,99454,49756,49698,8662,5875,2787,96425,47334,49091,6435,4478,1957,301862,156734,145128,13047,10365,2682,106603,51774,54829,829,738,91,BETUL,MADHYA PRADESH,2001
155491,78304,77187,12621,5691,6930,124675,64103,60572,14521,7817,6704,109619,56219,53400,11190,6852,4338,396251,203705,192546,23504,16919,6585,129450,62447,67003,2294,1938,356,BETUL,MADHYA PRADESH,2011
109113,56477,52636,3741,2531,1210,93005,49228,43777,3620,2900,720,75009,39774,35235,3320,2950,370,241364,130224,111140,6750,6180,570,88188,49418,38770,510,500,10,BHIND,MADHYA PRADESH,1991
119132,64373,54759,5977,4436,1541,105499,54774,50725,6818,5421,1397,96963,49222,47741,5394,4378,1016,294572,156742,137830,13350,11789,1561,114384,60928,53456,1853,1783,70,BHIND,MADHYA PRADESH,2001
158274,90208,68066,12739,8098,4641,131536,70651,60885,11975,8179,3796,117207,60436,56771,8238,5935,2303,395205,209467,185738,20990,17396,3594,145852,76699,69153,4624,4313,311,BHIND,MADHYA PRADESH,2011
141125,73587,67538,19170,9200,9970,125231,64231,61000,23560,12990,10570,99644,53430,46214,17982,11222,6760,274864,153037,121827,38940,27680,11260,68608,36074,32534,4270,3780,490,BHOPAL,MADHYA PRADESH,1991
183315,97226,86089,33255,17738,15517,162201,81575,80626,39855,21530,18325,141241,74237,67004,32563,18455,14108,404705,218752,185953,81608,52255,29353,113657,57606,56051,11376,8963,2413,BHOPAL,MADHYA PRADESH,2001
248169,130244,117925,46445,23125,23320,221372,111801,109571,54945,27374,27571,187412,96409,91003,47228,24919,22309,592576,312231,280345,139742,81149,58593,175897,88577,87320,25765,17950,7815,BHOPAL,MADHYA PRADESH,2011
318138,153614,164524,13270,8220,5050,309696,153911,155785,15837,11137,4700,267405,134152,133253,11318,8878,2440,823003,420336,402667,21176,17742,3434,266404,126810,139594,1620,1480,140,BILASPUR,MADHYA PRADESH,1991
71763,37582,34181,3909,2085,1824,58702,30348,28354,4707,2825,1882,52267,26565,25702,3661,2252,1409,180430,91980,88450,10068,6935,3133,54942,25448,29494,1565,1278,287,BURHANPUR,MADHYA PRADESH,2011
93187,47827,45360,3990,2650,1340,93540,47759,45781,4170,3050,1120,69239,37520,31719,2690,2050,640,230936,125078,105858,4600,3800,800,82305,46515,35790,490,430,60,CHHATARPUR,MADHYA PRADESH,1991
123044,65420,57624,5375,3349,2026,108470,56985,51485,6952,4839,2113,97614,50020,47594,5691,4180,1511,293085,156978,136107,11982,9603,2379,107396,57525,49871,1226,1100,126,CHHATARPUR,MADHYA PRADESH,2001
155626,85723,69903,10624,6055,4569,129862,69174,60688,11193,6979,4214,117037,60145,56892,8303,5375,2928,384513,204009,180504,21913,16268,5645,144927,75736,69191,2727,2324,403,CHHATARPUR,MADHYA PRADESH,2011
133610,66888,66722,5260,3140,2120,123836,61394,62442,6276,4360,1916,104195,53311,50884,4510,3480,1030,327216,170239,156977,8430,6910,1520,110902,55862,55040,610,450,160,CHHINDWARA,MADHYA PRADESH,1991
151514,80427,71087,8945,5274,3671,141665,70986,70679,11010,7094,3916,135088,67585,67503,9086,6165,2921,402024,209423,192601,19615,15297,4318,144529,67145,77384,1367,1196,171,CHHINDWARA,MADHYA PRADESH,2001
208854,108526,100328,16761,8164,8597,170005,88138,81867,20514,11557,8957,149620,76005,73615,15597,9505,6092,535772,274965,260807,34303,24281,10022,171901,79471,92430,3892,3206,686,CHHINDWARA,MADHYA PRADESH,2011
82508,41479,41029,2810,1780,1030,74663,38616,36047,2940,2200,740,60881,32501,28380,2130,1750,380,176385,91701,84684,3868,3278,590,56452,27227,29225,220,190,30,DAMOH,MADHYA PRADESH,1991
95144,50304,44840,3942,2451,1491,86648,45078,41570,4490,2982,1508,80550,40806,39744,3989,2850,1139,226344,119503,106841,8610,6721,1889,77146,36435,40711,732,645,87,DAMOH,MADHYA PRADESH,2001
113878,62982,50896,7144,3993,3151,102076,53870,48206,8344,5145,3199,92870,48364,44506,6073,4101,1972,301239,157863,143376,14799,10796,4003,99887,46485,53402,1972,1604,368,DAMOH,MADHYA PRADESH,2011
36113,18478,17635,1540,1030,510,32478,17466,15012,1930,1590,340,25523,13883,11640,1220,1040,180,80122,42820,37302,2420,2260,160,27109,13879,13230,160,150,10,DATIA,MADHYA PRADESH,1991
55456,29763,25693,2392,1561,831,49803,26516,23287,2950,2104,846,45804,23534,22270,2658,1991,667,130838,70360,60478,6356,5303,1053,46461,22248,24213,634,576,58,DATIA,MADHYA PRADESH,2001
73371,40355,33016,6141,3664,2477,63175,33746,29429,5785,3797,1988,58105,29868,28237,3975,2719,1256,189183,100981,88202,10872,8525,2347,66029,31721,34308,1592,1444,148,DATIA,MADHYA PRADESH,2011
91725,46661,45064,2670,1520,1150,84281,42205,42076,4020,2720,1300,73656,38636,35020,3400,2390,1010,198880,105362,93518,7042,5610,1432,74889,37085,37804,570,490,80,DEWAS,MADHYA PRADESH,1991
112480,58297,54183,4327,2461,1866,98730,48672,50058,5452,3390,2062,95665,47983,47682,5011,3184,1827,272389,144155,128234,13799,10387,3412,96337,45056,51281,1342,1161,181,DEWAS,MADHYA PRADESH,2001
142601,74980,67621,8610,4935,3675,123126,62631,60495,10234,6189,4045,114817,58143,56674,7881,4984,2897,377706,194676,183030,20786,14271,6515,126405,59713,66692,3549,2887,662,DEWAS,MADHYA PRADESH,2011
118109,58523,59586,3390,2080,1310,111213,55240,55973,3890,2920,970,98837,51171,47666,3380,2800,580,267507,140279,127228,6140,5330,810,81589,40559,41030,320,270,50,DHAR,MADHYA PRADESH,1991
146591,74634,71957,5432,3254,2178,136884,68404,68480,6941,4633,2308,129247,65285,63962,6184,4427,1757,358097,186641,171456,13710,10724,2986,108460,49380,59080,1064,956,108,DHAR,MADHYA PRADESH,2001
194000,99164,94836,9968,5651,4317,172918,87301,85617,12507,7732,4775,159590,80739,78851,10019,6504,3515,507322,259943,247379,22640,16794,5846,139381,63445,75936,2709,2290,419,DHAR,MADHYA PRADESH,2011
45272,21239,24033,943,635,308,48640,24093,24547,1626,1250,376,44767,21934,22833,1490,1231,259,134496,69109,65387,2927,2571,356,42887,19950,22937,101,91,10,DINDORI,MADHYA PRADESH,2001
62273,30428,31845,2102,1307,795,56903,28711,28192,2438,1651,787,50009,24349,25660,2016,1397,619,180285,91454,88831,5831,4701,1130,54069,25198,28871,402,353,49,DINDORI,MADHYA PRADESH,2011
229073,111294,117779,14626,7666,6960,201854,102274,99580,14749,9489,5260,166066,83850,82216,10480,7390,3090,531037,277049,253988,22262,17572,4690,142475,65293,77182,1360,1200,160,DURG,MADHYA PRADESH,1991
124679,60795,63884,5130,2810,2320,113453,56378,57075,5960,3960,2000,100328,51199,49129,4280,3030,1250,288341,150632,137709,7950,6490,1460,94607,46943,47664,590,560,30,EAST NIMAR,MADHYA PRADESH,1991
142758,75504,67254,6176,3502,2674,125140,61710,63430,7205,4429,2776,122974,60815,62159,6677,4249,2428,370238,193304,176934,16801,12476,4325,121168,56452,64716,1690,1504,186,EAST NIMAR,MADHYA PRADESH,2001
116125,57448,58677,3470,2020,1450,104944,55596,49348,4870,3200,1670,88873,48421,40452,3470,2590,880,256364,139391,116973,6351,5320,1031,86520,47724,38796,380,350,30,GUNA,MADHYA PRADESH,1991
138942,71772,67170,6093,3684,2409,128007,66032,61975,7485,4801,2684,119270,60874,58396,6302,4128,2174,330664,179424,151240,14899,11186,3713,112616,58609,54007,1172,1043,129,GUNA,MADHYA PRADESH,2001
112185,58632,53553,7716,4648,3068,96209,49669,46540,8439,5374,3065,87193,44548,42645,6532,4201,2331,268411,142207,126204,16212,11345,4867,91676,46960,44716,1993,1658,335,GUNA,MADHYA PRADESH,2011
135636,73582,62054,13800,7760,6040,123355,65800,57555,14745,9350,5395,98549,54149,44400,12490,8350,4140,287262,158014,129248,27520,21330,6190,83036,42895,40141,2510,2280,230,GWALIOR,MADHYA PRADESH,1991
151950,84367,67583,19139,10726,8413,133746,70875,62871,22814,13590,9224,120022,62071,57951,18181,11123,7058,354472,191163,163309,50644,35265,15379,104627,51481,53146,6894,5611,1283,GWALIOR,MADHYA PRADESH,2001
206778,113371,93407,33469,17763,15706,175886,93307,82579,37135,20829,16306,151604,78621,72983,28279,16424,11855,508292,267982,240310,82437,52873,29564,151283,76027,75256,16121,12449,3672,GWALIOR,MADHYA PRADESH,2011
38929,20492,18437,2197,1421,776,34627,17214,17413,2408,1687,721,33897,16956,16941,1902,1328,574,99321,52682,46639,4403,3497,906,36343,17534,18809,430,387,43,HARDA,MADHYA PRADESH,2001
53362,28271,25091,3918,2261,1657,44697,22924,21773,4404,2810,1594,40211,20413,19798,3689,2490,1199,136555,71089,65466,8148,6034,2114,45533,21967,23566,1104,956,148,HARDA,MADHYA PRADESH,2011
112553,58092,54461,7030,4090,2940,100985,51537,49448,7260,5220,2040,86881,46031,40850,5890,4610,1280,255248,135889,119359,10750,9120,1630,91572,48552,43020,1110,960,150,HOSHANGABAD,MADHYA PRADESH,1991
94552,52142,42410,9596,5903,3693,83155,42632,40523,10062,6570,3492,77397,39502,37895,7739,5241,2498,238786,126823,111963,18307,13980,4327,82060,39834,42226,1559,1361,198,HOSHANGABAD,MADHYA PRADESH,2001
119694,65040,54654,14228,7430,6798,104026,54510,49516,16219,9290,6929,92122,47774,44348,13555,8449,5106,314359,164539,149820,30296,21199,9097,103252,50109,53143,3936,3261,675,HOSHANGABAD,MADHYA PRADESH,2011
179466,93179,86287,24470,13010,11460,163791,83851,79940,26761,16441,10320,139545,74364,65181,21680,14210,7470,378329,204554,173775,45679,33549,12130,119130,62520,56610,5050,4430,620,INDORE,MADHYA PRADESH,1991
243874,128726,115148,35974,19509,16465,217074,108605,108469,43070,23517,19553,196654,101518,95136,37019,21583,15436,569741,304663,265078,98485,64484,34001,167746,80946,86800,13448,10671,2777,INDORE,MADHYA PRADESH,2001
327146,169302,157844,51315,25895,25420,304554,154048,150506,66605,34362,32243,270616,139133,131483,56967,30582,26385,858803,446779,412024,166337,97873,68464,258141,125430,132711,33470,24063,9407,INDORE,MADHYA PRADESH,2011
257687,132028,125659,21197,10957,10240,224879,114814,110065,21730,13060,8670,188138,98586,89552,17430,11260,6170,561206,299218,261988,39460,29550,9910,158685,80737,77948,3310,2910,400,JABALPUR,MADHYA PRADESH,1991
206116,112426,93690,25053,12668,12385,183843,94842,89001,28886,15923,12963,166267,85097,81170,23187,13653,9534,508431,269707,238724,65533,43046,22487,149994,71447,78547,7941,6462,1479,JABALPUR,MADHYA PRADESH,2001
247013,131524,115489,34070,16348,17722,217379,112129,105250,39801,20029,19772,194062,99963,94099,32851,17501,15350,675784,351163,324621,97470,57877,39593,201242,96532,104710,18639,13701,4938,JABALPUR,MADHYA PRADESH,2011
88395,42355,46040,1960,1100,860,84819,40408,44411,2230,1440,790,78285,40819,37466,1930,1530,400,214769,111470,103299,3160,2780,380,56970,29290,27680,160,150,10,JHABUA,MADHYA PRADESH,1991
103302,50311,52991,2857,1688,1169,92597,45529,47068,3586,2407,1179,87900,43238,44662,3006,2113,893,274760,140592,134168,7195,5641,1554,72212,33395,38817,461,418,43,JHABUA,MADHYA PRADESH,2001
78040,37982,40058,2446,1354,1092,69550,34511,35039,3519,2147,1372,63945,32007,31938,3166,2084,1082,217772,109435,108337,6861,5011,1850,58733,26689,32044,774,669,105,JHABUA,MADHYA PRADESH,2011
90489,45736,44753,4489,2570,1919,86121,43440,42681,5825,3620,2205,80059,40077,39982,5196,3607,1589,234319,123293,111026,11111,8549,2562,72842,35338,37504,915,829,86,KATNI,MADHYA PRADESH,2001
114601,59445,55156,8307,4261,4046,99544,51037,48507,8853,4940,3913,92676,46411,46265,7423,4475,2948,321125,166238,154887,19261,13509,5752,98638,47345,51293,2386,1999,387,KATNI,MADHYA PRADESH,2011
117160,62699,54461,6109,3128,2981,100663,51438,49225,7302,4055,3247,91071,46026,45045,5818,3435,2383,306842,158531,148311,16144,10690,5454,102471,47893,54578,2241,1792,449,KHANDWA EAST NIMAR,MADHYA PRADESH,2011
163882,85680,78202,9649,5217,4432,142348,72398,69950,10815,6608,4207,134521,67516,67005,8309,5353,2956,434736,223788,210948,20717,15212,5505,135561,62340,73221,3039,2652,387,KHARGONE WEST NIMAR,MADHYA PRADESH,2011
113403,51383,62020,3020,1790,1230,113418,55733,57685,3820,2940,880,95656,48756,46900,2930,2460,470,279516,143772,135744,4400,3800,600,86182,41150,45032,180,170,10,MANDLA,MADHYA PRADESH,1991
68761,33287,35474,2918,1632,1286,71884,34932,36952,4255,2881,1374,70834,34585,36249,3584,2567,1017,208201,106331,101870,7619,6026,1593,64184,28708,35476,608,557,51,MANDLA,MADHYA PRADESH,2001
96245,48205,48040,5734,2961,2773,83490,41991,41499,6869,4088,2781,74634,36448,38186,5269,3241,2028,281214,140961,140253,13752,10053,3699,83215,37149,46066,1502,1286,216,MANDLA,MADHYA PRADESH,2011
141758,70838,70920,5510,3190,2320,122052,61235,60817,6138,4378,1760,107830,55660,52170,4910,3760,1150,324342,171887,152455,10151,8561,1590,115013,58577,56436,870,790,80,MANDSAUR,MADHYA PRADESH,1991
109956,56090,53866,4647,2897,1750,92871,46523,46348,4931,3374,1557,86322,43027,43295,4184,2954,1230,261780,136358,125422,11134,8770,2364,91983,43583,48400,1221,1125,96,MANDSAUR,MADHYA PRADESH,2001
127088,65945,61143,8100,4635,3465,108245,55235,53010,9147,5848,3299,102201,51326,50875,7022,4578,2444,340273,174291,165982,17284,12653,4631,116202,53516,62686,2951,2563,388,MANDSAUR,MADHYA PRADESH,2011
152345,79053,73292,4310,3060,1250,132213,71870,60343,4610,3750,860,109755,58067,51688,3738,3160,578,324557,178528,146029,8872,8202,670,102824,57480,45344,470,440,30,MORENA,MADHYA PRADESH,1991
136958,74567,62391,6219,4490,1729,120158,63063,57095,7421,5899,1522,108024,55006,53018,5741,4709,1032,310929,167009,143920,14406,12692,1714,103499,55472,48027,1680,1602,78,MORENA,MADHYA PRADESH,2001
185397,104095,81302,13842,9024,4818,157504,84383,73121,13485,9426,4059,136962,70183,66779,9430,6895,2535,432199,228359,203840,24345,20258,4087,141027,73771,67256,4263,4000,263,MORENA,MADHYA PRADESH,2011
73375,36555,36820,3410,2050,1360,64536,32928,31608,3370,2500,870,54396,28734,25662,2630,2050,580,156881,83393,73488,4760,3950,810,61464,31522,29942,410,300,110,NARSIMHAPUR,MADHYA PRADESH,1991
83287,44439,38848,4073,2457,1616,76916,38982,37934,5014,3193,1821,73544,36861,36683,4692,3295,1397,217214,114885,102329,10697,8474,2223,77779,37572,40207,967,869,98,NARSIMHAPUR,MADHYA PRADESH,2001
100999,54160,46839,7668,4229,3439,90939,47629,43310,8525,5120,3405,81715,41555,40160,6636,4142,2494,288821,150339,138482,17742,12791,4951,99855,48190,51665,2642,2281,361,NARSIMHAPUR,MADHYA PRADESH,2011
68653,34961,33692,3714,2206,1508,58907,29604,29303,4191,2679,1512,54105,27333,26772,3496,2343,1153,163402,85391,78011,9402,7392,2010,54672,26226,28446,999,915,84,NEEMUCH,MADHYA PRADESH,2001
79498,41272,38226,6451,3488,2963,67568,34695,32873,7344,4394,2950,64134,32315,31819,5649,3550,2099,213372,110157,103215,14005,9962,4043,71124,33357,37767,2311,2034,277,NEEMUCH,MADHYA PRADESH,2011
59452,30485,28967,1920,1420,500,55517,28830,26687,1900,1380,520,46942,24830,22112,1320,1080,240,140940,73982,66958,2820,2300,520,43334,23664,19670,180,150,30,PANNA,MADHYA PRADESH,1991
69989,36190,33799,2465,1667,798,66367,34287,32080,3019,2198,821,60352,30561,29791,2466,1900,566,174931,92830,82101,5382,4398,984,58062,29987,28075,511,454,57,PANNA,MADHYA PRADESH,2001
84523,46611,37912,5189,3184,2005,74596,39095,35501,5534,3727,1807,69012,35178,33834,4245,3026,1219,227346,119417,107929,9747,7583,2164,83504,41837,41667,1208,1050,158,PANNA,MADHYA PRADESH,2011
140222,64783,75439,4550,3280,1270,147076,71247,75829,4890,4020,870,132917,64984,67933,3670,3030,640,409741,209103,200638,6665,5935,730,136077,66785,69292,360,280,80,RAIGARH,MADHYA PRADESH,1991
344434,164641,179793,17540,11020,6520,326356,162794,163562,18240,12910,5330,275744,137846,137898,12720,9470,3250,849215,431520,417695,24989,20780,4209,276398,128136,148262,1560,1400,160,RAIPUR,MADHYA PRADESH,1991
76468,39032,37436,2200,1360,840,68961,35518,33443,2660,1890,770,57709,31263,26446,2240,1890,350,169752,91282,78470,3610,3250,360,57356,30726,26630,330,290,40,RAISEN,MADHYA PRADESH,1991
95423,52151,43272,5129,3472,1657,85201,43976,41225,5997,4170,1827,79645,40723,38922,4588,3223,1365,225433,120773,104660,9590,7434,2156,81940,41576,40364,828,715,113,RAISEN,MADHYA PRADESH,2001
122457,67838,54619,8232,4814,3418,105062,55231,49831,9090,5837,3253,95176,49180,45996,7428,5155,2273,300108,158494,141614,15057,11513,3544,102559,51306,51253,1671,1469,202,RAISEN,MADHYA PRADESH,2011
85419,41902,43517,2120,1230,890,79591,39757,39834,2850,2150,700,69307,36440,32867,2230,1690,540,205072,109420,95652,4280,3760,520,77068,40134,36934,330,270,60,RAJGARH,MADHYA PRADESH,1991
103541,52394,51147,4291,3003,1288,91908,45973,45935,4787,3547,1240,90059,44792,45267,3614,2671,943,263012,139147,123865,8299,6802,1497,104844,52133,52711,853,785,68,RAJGARH,MADHYA PRADESH,2001
138444,70814,67630,8431,5499,2932,116776,59325,57451,9660,6714,2946,107835,53987,53848,7664,5502,2162,349892,180725,169167,15086,11641,3445,151938,74779,77159,1996,1757,239,RAJGARH,MADHYA PRADESH,2011
130872,60618,70254,4247,2557,1690,119423,59588,59835,4780,3540,1240,97630,49010,48620,3630,2930,700,312003,156449,155554,5590,4860,730,101330,45650,55680,270,250,20,RAJNANDGAON,MADHYA PRADESH,1991
86587,43326,43261,4476,2226,2250,79986,38884,41102,5210,3210,2000,71335,36866,34469,4318,2990,1328,201169,106111,95058,8277,6597,1680,62748,30730,32018,480,420,60,RATLAM,MADHYA PRADESH,1991
106321,54254,52067,5678,2981,2697,93085,45953,47132,6797,3943,2854,89038,44564,44474,5933,3643,2290,270829,141134,129695,16079,11561,4518,84287,38904,45383,1905,1639,266,RATLAM,MADHYA PRADESH,2001
132180,68109,64071,9402,4929,4473,113554,57600,55954,11253,6438,4815,105143,52697,52446,8835,5238,3597,357353,182570,174783,24741,16075,8666,114922,52207,62715,4316,3517,799,RATLAM,MADHYA PRADESH,2011
132928,64086,68842,8527,6540,1987,113256,56938,56318,7390,5900,1490,94426,47310,47116,5150,4360,790,305827,156875,148952,11130,9850,1280,108176,59400,48776,1060,1030,30,REWA,MADHYA PRADESH,1991
164231,82574,81657,11294,8361,2933,143021,71371,71650,12879,9729,3150,128024,61683,66341,10746,8374,2372,384642,195473,189169,24541,20874,3667,159128,82007,77121,3352,3115,237,REWA,MADHYA PRADESH,2001
210645,112302,98343,18469,11020,7449,177989,91400,86589,22335,14326,8009,157264,78637,78627,18521,13044,5477,525557,267755,257802,45551,35630,9921,219642,110413,109229,7703,6876,827,REWA,MADHYA PRADESH,2011
155123,79840,75283,9018,5580,3438,134539,71648,62891,9315,6605,2710,109607,59429,50178,5800,4330,1470,313212,168065,145147,11922,10092,1830,103963,53423,50540,490,440,50,SAGAR,MADHYA PRADESH,1991
181950,98567,83383,12175,7174,5001,155013,81898,73115,13129,8594,4535,142716,72816,69900,11116,7622,3494,408485,219093,189392,26176,20087,6089,144264,69651,74613,2122,1851,271,SAGAR,MADHYA PRADESH,2001
226889,125748,101141,19058,10090,8968,197886,106272,91614,22816,13441,9375,172821,90992,81829,17737,11228,6509,546445,290090,256355,44023,30983,13040,185332,89162,96170,6140,4997,1143,SAGAR,MADHYA PRADESH,2011
130303,64121,66182,5770,4210,1560,114839,58373,56466,7090,5650,1440,93028,47978,45050,4621,3771,850,298787,157835,140952,9738,8570,1168,96275,52358,43917,780,750,30,SATNA,MADHYA PRADESH,1991
152992,77994,74998,8667,6016,2651,143756,72414,71342,10872,7771,3101,133749,66271,67478,10058,7651,2407,382230,200124,182106,22243,18620,3623,137835,70578,67257,2619,2436,183,SATNA,MADHYA PRADESH,2001
199951,107065,92886,18334,10577,7757,166745,86307,80438,18968,11867,7101,151485,75703,75782,15026,10079,4947,520920,269839,251081,39677,30565,9112,188730,94236,94494,5997,5324,673,SATNA,MADHYA PRADESH,2011
72130,35958,36172,1900,1190,710,63040,32189,30851,2280,1650,630,54557,28027,26530,1820,1320,500,159266,84541,74725,3620,3170,450,63975,34070,29905,220,210,10,SEHORE,MADHYA PRADESH,1991
89525,47311,42214,4686,3192,1494,77930,38934,38996,5331,3794,1537,74975,37564,37411,3913,2890,1023,212293,112385,99908,8088,6467,1621,86695,42780,43915,832,745,87,SEHORE,MADHYA PRADESH,2001
122679,66566,56113,8637,5338,3299,99369,51693,47676,9147,5993,3154,91044,46344,44700,7221,5028,2193,291573,152108,139465,14549,10910,3639,110599,53716,56883,1831,1551,280,SEHORE,MADHYA PRADESH,2011
86552,41512,45040,3000,2090,910,80812,39790,41022,3341,2580,761,70450,35450,35000,2380,1870,510,211759,109547,102212,3980,3440,540,69032,34672,34360,240,220,20,SEONI,MADHYA PRADESH,1991
93007,47519,45488,4290,2699,1591,89618,44113,45505,5777,4064,1713,87838,42598,45240,4802,3520,1282,261866,134148,127718,9605,7752,1853,83639,38203,45436,663,594,69,SEONI,MADHYA PRADESH,2001
130909,67733,63176,9690,5020,4670,108873,55665,53208,11090,6484,4606,100597,50132,50465,8228,5240,2988,361600,184136,177464,18968,14216,4752,106077,48061,58016,1857,1622,235,SEONI,MADHYA PRADESH,2011
148154,71881,76273,5271,3692,1579,147529,73710,73819,6190,4760,1430,124356,63930,60426,5050,4370,680,380852,204350,176502,8230,7300,930,99754,51994,47760,430,420,10,SHAHDOL,MADHYA PRADESH,1991
129042,63908,65134,6233,3954,2279,125069,63100,61969,8382,5811,2571,116669,57293,59376,7691,5668,2023,365316,191592,173724,16399,13564,2835,102589,50191,52398,1157,1058,99,SHAHDOL,MADHYA PRADESH,2001
102082,51554,50528,7137,3994,3143,85435,43701,41734,8041,4818,3223,75360,37429,37931,6392,4081,2311,265722,135753,129969,16801,12548,4253,78718,38071,40647,1925,1664,261,SHAHDOL,MADHYA PRADESH,2011
90029,46190,43839,2630,1650,980,80146,39564,40582,3284,2430,854,72455,37422,35033,2810,2300,510,209400,109249,100151,5150,4260,890,84479,44079,40400,290,280,10,SHAJAPUR,MADHYA PRADESH,1991
111564,57823,53741,3409,2184,1225,96574,48620,47954,4191,2881,1310,92073,46311,45762,3935,2895,1040,272835,142974,129861,10061,8111,1950,107658,52366,55292,932,864,68,SHAJAPUR,MADHYA PRADESH,2001
133332,70676,62656,3776,2100,1676,114979,58804,56175,1414,1035,379,108625,54671,53954,1045,788,257,358985,185722,173263,2257,1832,425,142899,69099,73800,280,262,18,SHAJAPUR,MADHYA PRADESH,2011
46447,24084,22363,1274,854,420,43196,22617,20579,1632,1288,344,38729,20090,18639,1347,1095,252,106601,57598,49003,2796,2477,319,30944,15318,15626,208,194,14,SHEOPUR,MADHYA PRADESH,2001
65743,34996,30747,2984,1963,1021,54056,28849,25207,3076,2189,887,47213,24386,22827,2095,1511,584,146724,77776,68948,5118,4253,865,43542,21242,22300,552,502,50,SHEOPUR,MADHYA PRADESH,2011
92084,49295,42789,2733,1615,1118,103227,54847,48380,3342,2200,1142,72182,39207,32975,2821,2170,651,218973,119587,99386,5140,4450,690,73185,39485,33700,310,310,0,SHIVPURI,MADHYA PRADESH,1991
125023,66201,58822,4507,2849,1658,111094,58872,52222,5382,3666,1716,98505,51929,46576,4379,3136,1243,287546,155911,131635,11021,8785,2236,91641,46609,45032,1084,965,119,SHIVPURI,MADHYA PRADESH,2001
158408,86474,71934,9898,5981,3917,136350,72606,63744,10207,6573,3634,120216,62655,57561,6976,4592,2384,372594,199258,173336,17385,12844,4541,124831,63011,61820,2497,2205,292,SHIVPURI,MADHYA PRADESH,2011
113737,54607,59130,2787,2107,680,112036,56750,55286,3740,3060,680,93902,48700,45202,3194,2760,434,268886,144154,124732,5490,5070,420,78540,41910,36630,280,220,60,SIDHI,MADHYA PRADESH,1991
140254,68738,71516,4248,3131,1117,135397,67934,67463,6249,4758,1491,128524,62914,65610,6324,4805,1519,358397,190430,167967,13704,11801,1903,118998,61399,57599,850,815,35,SIDHI,MADHYA PRADESH,2001
97863,50330,47533,5701,3620,2081,80858,40699,40159,6858,4690,2168,74796,36577,38219,5159,3695,1464,243693,123689,120004,12193,10181,2012,86155,43433,42722,1428,1349,79,SIDHI,MADHYA PRADESH,2011
106329,56703,49626,6355,3927,2428,85065,44812,40253,6156,4241,1915,78631,39788,38843,4497,3333,1164,252776,133245,119531,12544,9781,2763,74058,37851,36207,800,669,131,SINGRAULI,MADHYA PRADESH,2011
170084,79626,90458,4790,3120,1670,180657,87979,92678,6160,4610,1550,156110,79990,76120,4380,3660,720,473325,251858,221467,7350,6460,890,136068,71455,64613,260,220,40,SURGUJA,MADHYA PRADESH,1991
81974,41543,40431,2660,1750,910,70181,36385,33796,2540,1930,610,59954,32184,27770,2243,1840,403,188117,101478,86639,3050,2740,310,64418,34858,29560,200,160,40,TIKAMGARH,MADHYA PRADESH,1991
105010,54105,50905,2995,1870,1125,94078,49306,44772,3797,2595,1202,84539,43195,41344,3778,2829,949,241191,129677,111514,7827,6552,1275,82674,42621,40053,694,644,50,TIKAMGARH,MADHYA PRADESH,2001
128450,68050,60400,6433,3655,2778,114192,59309,54883,6540,4022,2518,104949,53754,51195,4849,3116,1733,328067,173714,154353,13748,10498,3250,112683,57551,55132,1659,1481,178,TIKAMGARH,MADHYA PRADESH,2011
122941,61815,61126,8710,4700,4010,109783,54227,55556,10090,6300,3790,94678,49800,44878,6990,4850,2140,285310,151399,133911,17150,13470,3680,99505,49962,49543,1260,1070,190,UJJAIN,MADHYA PRADESH,1991
152613,79308,73305,10654,5745,4909,130909,65362,65547,12568,7234,5334,123990,62243,61747,10820,6563,4257,381974,200457,181517,32314,22795,9519,131343,61603,69740,4204,3476,728,UJJAIN,MADHYA PRADESH,2001
183832,95506,88326,16077,8509,7568,162464,82191,80273,19487,11020,8467,148882,75566,73316,15430,8842,6588,502623,257940,244683,46700,29784,16916,177299,82046,95253,9413,7277,2136,UJJAIN,MADHYA PRADESH,2011
42049,20880,21169,1437,943,494,40856,20634,20222,2085,1455,630,38202,18700,19502,2065,1568,497,109093,57687,51406,3954,3354,600,33850,16809,17041,281,259,22,UMARIA,MADHYA PRADESH,2001
59844,30799,29045,3182,1854,1328,51127,26622,24505,3796,2475,1321,45175,22631,22544,2782,1915,867,153012,79550,73462,7125,5679,1446,42937,21164,21773,597,544,53,UMARIA,MADHYA PRADESH,2011
85911,44239,41672,3460,1770,1690,79616,41950,37666,4160,2830,1330,64386,34522,29864,2970,2210,760,190086,102453,87633,5850,4900,950,62160,33040,29120,330,280,50,VIDISHA,MADHYA PRADESH,1991
103962,56010,47952,6391,4149,2242,91814,47622,44192,7052,4790,2262,83705,42978,40727,5266,3617,1649,238841,128968,109873,12739,9769,2970,90671,46273,44398,1159,1031,128,VIDISHA,MADHYA PRADESH,2001
128079,70773,57306,9604,5487,4117,113137,58617,54520,11007,6741,4266,103574,53576,49998,9159,5964,3195,315286,167887,147399,21495,15279,6216,119835,60452,59383,3107,2590,517,VIDISHA,MADHYA PRADESH,2011
169487,84507,84980,4790,3290,1500,160471,78195,82276,5840,4360,1480,141597,73603,67994,4770,3850,920,386136,199989,186147,8920,7780,1140,131262,65393,65869,500,480,20,WEST NIMAR,MADHYA PRADESH,1991
128202,67159,61043,4986,3066,1920,112666,56051,56615,5754,3908,1846,110777,55292,55485,5048,3580,1468,315950,165075,150875,12667,10157,2510,105943,48385,57558,1191,1103,88,WEST NIMAR,MADHYA PRADESH,2001
288490,145440,143050,19280,14150,5130,266002,127168,138834,18210,14080,4130,235602,117639,117963,12708,10238,2470,778967,400282,378685,26120,22000,4120,246547,122777,123770,1260,1110,150,AHMADNAGAR,MAHARASHTRA,1991
347786,184753,163033,29826,19028,10798,307491,149907,157584,33768,23936,9832,290367,143302,147065,26011,20121,5890,939421,482366,457055,55669,45539,10130,398959,185791,213168,4347,3647,700,AHMADNAGAR,MAHARASHTRA,2001
440174,227933,212241,54971,32362,22609,380662,195395,185267,52126,33677,18449,329685,165825,163860,36020,23422,12598,1190808,604557,586251,95899,72786,23113,510891,240623,270268,13156,10831,2325,AHMADNAGAR,MAHARASHTRA,2011
192967,99835,93132,7310,4440,2870,172259,85340,86919,8400,5920,2480,147127,74691,72436,6050,4710,1340,485243,250480,234763,14033,11863,2170,169273,84536,84737,970,860,110,AKOLA,MAHARASHTRA,1991
143335,78600,64735,11888,6692,5196,128364,63885,64479,13980,8618,5362,116930,58684,58246,10414,7100,3314,376163,196765,179398,24743,19131,5612,153042,71742,81300,2652,2311,341,AKOLA,MAHARASHTRA,2001
176234,92678,83556,16602,8385,8217,154053,80012,74041,19895,11051,8844,135083,68964,66119,15536,8951,6585,493913,255243,238670,42023,28637,13386,182136,85643,96493,7006,5786,1220,AKOLA,MAHARASHTRA,2011
202818,109409,93409,10256,5626,4630,172364,85475,86889,10410,7540,2870,146621,75954,70667,7380,5570,1810,496227,256232,239995,17781,14961,2820,178319,95150,83169,1390,1260,130,AMRAVATI,MAHARASHTRA,1991
234721,126484,108237,22063,10905,11158,210940,106405,104535,25910,15226,10684,191636,97194,94442,19244,12781,6463,609697,321533,288164,42150,32188,9962,260732,127021,133711,4975,4321,654,AMRAVATI,MAHARASHTRA,2001
278265,144101,134164,31583,14477,17106,238715,122465,116250,36626,18651,17975,215896,109602,106294,28995,15689,13306,799774,415529,384245,79446,51891,27555,321144,155366,165778,13772,11239,2533,AMRAVATI,MAHARASHTRA,2011
191919,98549,93370,11400,7580,3820,177602,89190,88412,12560,9060,3500,150142,76982,73160,9290,6910,2380,471505,245629,225876,20513,17023,3490,146945,70886,76059,1210,1070,140,AURANGABAD,MAHARASHTRA,1991
251725,132672,119053,25370,16375,8995,230310,113818,116492,31928,21450,10478,209904,106414,103490,22996,16422,6574,590586,311496,279090,45502,34877,10625,258624,116286,142338,4886,4105,781,AURANGABAD,MAHARASHTRA,2001
373898,192951,180947,41974,24284,17690,326627,167336,159291,53234,32890,20344,276517,141107,135410,41724,26732,14992,865372,449870,415502,95099,67209,27890,339814,155963,183851,13839,11061,2778,AURANGABAD,MAHARASHTRA,2011
184805,93245,91560,5860,3670,2190,165841,81171,84670,6700,4980,1720,149214,74197,75017,4490,3540,950,510555,259890,250665,11074,9774,1300,156987,74198,82789,460,430,30,BHANDARA,MAHARASHTRA,1991
101237,53331,47906,7508,4280,3228,91039,46852,44187,9286,6167,3119,83457,42608,40849,7447,5366,2081,294248,148459,145789,14449,11748,2701,99820,44482,55338,987,906,81,BHANDARA,MAHARASHTRA,2001
114384,58687,55697,10506,4953,5553,101101,52388,48713,13272,7213,6059,90651,46272,44379,10472,6164,4308,351163,178471,172692,26528,18823,7705,124060,55271,68789,3445,2896,549,BHANDARA,MAHARASHTRA,2011
138230,69234,68996,4941,3970,971,134148,63803,70345,5310,4410,900,120833,60634,60199,4440,3920,520,410970,210918,200052,10080,9370,710,142145,69845,72300,400,340,60,BID,MAHARASHTRA,1991
157710,83805,73905,16949,12747,4202,146673,70922,75751,18084,14330,3754,146431,71451,74980,11979,10055,1924,464629,239141,225488,21824,19249,2575,248444,114201,134243,1548,1438,110,BID,MAHARASHTRA,2001
244593,131929,112664,28486,19006,9480,203796,105131,98665,31742,22798,8944,177318,89165,88153,23497,17571,5926,616016,312601,303415,42805,35316,7489,315717,147173,168544,5315,4791,524,BID,MAHARASHTRA,2011
153349,76651,76698,4210,2700,1510,144042,69978,74064,4070,3240,830,125509,60798,64711,3420,2780,640,421876,217565,204311,8465,7745,720,141756,70566,71190,510,440,70,BULDANA,MAHARASHTRA,1991
186250,100220,86030,10880,7355,3525,161902,79618,82284,13097,9638,3459,152546,75303,77243,9969,8004,1965,502094,258842,243252,20258,17355,2903,221095,101361,119734,1973,1818,155,BULDANA,MAHARASHTRA,2001
251706,133914,117792,20405,12960,7445,217606,113830,103776,21054,14284,6770,184992,94081,90911,14798,10085,4713,653234,334423,318811,36698,29133,7565,276685,126898,149787,5866,5191,675,BULDANA,MAHARASHTRA,2011
161639,82243,79396,4703,2583,2120,151805,74855,76950,7410,5350,2060,127590,66604,60986,6137,4717,1420,408155,214604,193551,10680,9020,1660,121441,59644,61797,530,430,100,CHANDRAPUR,MAHARASHTRA,1991
188478,99826,88652,12357,6835,5522,181088,91563,89525,16476,10397,6079,160693,82764,77929,13647,9662,3985,509259,267530,241729,25999,20642,5357,173532,80295,93237,1506,1334,172,CHANDRAPUR,MAHARASHTRA,2001
217324,110798,106526,19990,9319,10671,193336,98506,94830,25186,13809,11377,174343,89689,84654,19516,11620,7896,642758,331919,310839,47668,33719,13949,216508,101614,114894,5054,4186,868,CHANDRAPUR,MAHARASHTRA,2011
215262,107233,108029,11750,9160,2590,200090,97551,102539,10450,8420,2030,175290,87441,87849,7069,5822,1247,553498,285868,267630,16110,14220,1890,162899,78059,84840,1330,1220,110,DHULE,MAHARASHTRA,1991
150393,81892,68501,11426,7441,3985,126100,62119,63981,12446,8486,3960,118045,57955,60090,11269,8574,2695,391623,201713,189910,22946,18528,4418,158756,69047,89709,2218,1966,252,DHULE,MAHARASHTRA,2001
186115,96888,89227,18929,10715,8214,166244,84645,81599,18713,11810,6903,147777,74182,73595,13221,8454,4767,521137,265619,255518,39846,29352,10494,195741,89542,106199,5680,4648,1032,DHULE,MAHARASHTRA,2011
67914,31993,35921,840,600,240,66433,32163,34270,1431,1121,310,58012,29887,28125,1237,1137,100,179817,94990,84827,1980,1870,110,49722,24842,24880,30,20,10,GADCHIROLI,MAHARASHTRA,1991
79342,39188,40154,2571,1554,1017,81619,39964,41655,4138,2899,1239,74874,37584,37290,3949,3060,889,228254,118912,109342,5753,5024,729,67777,30936,36841,162,150,12,GADCHIROLI,MAHARASHTRA,2001
102773,52135,50638,5624,2992,2632,89335,45571,43764,6749,4241,2508,78149,39181,38968,5205,3430,1775,292953,149180,143773,12543,9862,2681,93864,43203,50661,779,676,103,GADCHIROLI,MAHARASHTRA,2011
102477,52380,50097,5229,3048,2181,94147,47008,47139,7019,4697,2322,90516,44678,45838,6373,4645,1728,309723,155060,154663,11114,9041,2073,98183,44140,54043,911,838,73,GONDIYA,MAHARASHTRA,2001
124979,63322,61657,9441,4531,4910,107491,54798,52693,11024,6051,4973,100256,50275,49981,8940,5412,3528,390173,195850,194323,21807,15769,6038,125590,56010,69580,2603,2261,342,GONDIYA,MAHARASHTRA,2011
1089173,614230,474943,144480,69820,74660,1031851,567192,464659,150840,82220,68620,863645,492355,371290,127945,73725,54220,2487914,1439307,1048607,298940,195900,103040,515140,268620,246520,41240,32450,8790,GREATER BOMBAY,MAHARASHTRA,1991
75504,38904,36600,3397,2569,828,72927,34922,38005,5251,4354,897,69377,34548,34829,3638,3171,467,199816,103444,96372,6320,5779,541,103642,46241,57401,507,474,33,HINGOLI,MAHARASHTRA,2001
108312,57728,50584,7568,5283,2285,94089,47464,46625,6602,4834,1768,84581,41930,42651,5056,3790,1266,274718,138909,135809,12644,10812,1832,124434,57573,66861,1660,1516,144,HINGOLI,MAHARASHTRA,2011
273317,140981,132336,16005,11295,4710,246609,118027,128582,14591,11380,3211,218323,108917,109406,10230,8260,1970,712046,364242,347804,20880,18320,2560,241052,114369,126683,1500,1370,130,JALGAON,MAHARASHTRA,1991
328583,178262,150321,21111,13123,7988,278899,138165,140734,24222,16286,7936,258985,127649,131336,21942,16322,5620,853395,443759,409636,46514,37117,9397,357971,157606,200365,5206,4590,616,JALGAON,MAHARASHTRA,2001
400533,213114,187419,40319,22849,17470,354311,182723,171588,42164,26325,15839,308670,156334,152336,28963,18134,10829,1097444,564339,533105,83188,60622,22566,437652,197779,239873,13217,10842,2375,JALGAON,MAHARASHTRA,2011
107179,51690,55489,2220,1500,720,105949,50253,55696,2490,1910,580,94862,46750,48112,2310,1990,320,301321,156558,144763,4610,4230,380,97222,46646,50576,210,190,20,JALNA,MAHARASHTRA,1991
121445,63664,57781,6709,5036,1673,111899,53254,58645,7559,6028,1531,111785,53797,57988,5069,4204,865,336193,174158,162035,9046,7951,1095,170654,76247,94407,705,652,53,JALNA,MAHARASHTRA,2001
185191,97565,87626,12753,8678,4075,159489,81550,77939,15022,10731,4291,137168,69706,67462,10869,8056,2813,443492,224714,218778,20211,16136,4075,215655,98447,117208,2685,2343,342,JALNA,MAHARASHTRA,2011
269424,136683,132741,17230,11850,5380,252941,120619,132322,16380,12320,4060,223264,109327,113937,14140,11430,2710,738442,378371,360071,28300,24170,4130,232174,110441,121733,1650,1490,160,KOLHAPUR,MAHARASHTRA,1991
308665,158898,149767,33813,20555,13258,296516,145080,151436,37737,25435,12302,275483,135780,139703,27618,20222,7396,939744,475626,464118,63231,50018,13213,330829,150830,179999,6333,5435,898,KOLHAPUR,MAHARASHTRA,2001
359124,182594,176530,51433,26440,24993,327214,165576,161638,58832,34698,24134,293900,145394,148506,44983,27632,17351,1141765,571415,570350,111466,79934,31532,450783,211704,239079,17415,14065,3350,KOLHAPUR,MAHARASHTRA,2011
134278,66739,67539,4540,3460,1080,120353,57731,62622,4130,3480,650,109690,54610,55080,4530,4030,500,356304,185949,170355,9760,9070,690,119107,59916,59191,300,280,20,LATUR,MAHARASHTRA,1991
170378,92402,77976,15427,11342,4085,150993,74317,76676,16912,13091,3821,140230,69895,70335,11195,9166,2029,421362,219578,201784,24922,21913,3009,229486,107143,122343,2287,2137,150,LATUR,MAHARASHTRA,2001
234429,127223,107206,27431,16934,10497,194812,100329,94483,27243,18317,8926,171707,86108,85599,19561,13668,5893,571013,294298,276715,46657,37198,9459,294752,140947,153805,8150,7252,898,LATUR,MAHARASHTRA,2011
393506,243553,149953,49698,24764,24934,354373,209592,144781,59773,31663,28110,289243,169414,119829,45376,25176,20200,917044,519176,397868,122753,70737,52016,257136,123155,133981,27612,18038,9574,MUMBAI,MAHARASHTRA,2001
334119,198073,136046,65842,32341,33501,325168,186723,138445,83507,42743,40764,272932,153652,119280,61824,31920,29904,945196,512918,432278,175169,94690,80479,298701,143883,154818,44634,25989,18645,MUMBAI,MAHARASHTRA,2011
952124,555408,396716,137656,68858,68798,902025,504794,397231,173673,91189,82484,755606,422630,332976,137247,75336,61911,2280656,1263574,1017082,363947,217922,146025,521068,262131,258937,56087,41641,14446,MUMBAI SUBURBAN,MAHARASHTRA,2001
999427,563925,435502,200216,101326,98890,985170,541602,443568,266678,137559,129119,837047,455539,381508,209681,108681,101000,2782902,1489229,1293673,570030,309675,260355,767618,386138,381480,118638,76720,41918,MUMBAI SUBURBAN,MAHARASHTRA,2011
333674,177785,155889,28190,14650,13540,281218,143558,137660,30910,19130,11780,236696,125141,111555,25130,16920,8210,740745,396328,344417,57239,43041,14198,234283,119964,114319,6770,5710,1060,NAGPUR,MAHARASHTRA,1991
400847,211683,189164,47855,22528,25327,370307,189475,180832,59450,31163,28287,327439,171043,156396,48836,28774,20062,989717,525183,464534,119647,79861,39786,338049,160457,177592,16566,12931,3635,NAGPUR,MAHARASHTRA,2001
470263,240179,230084,71364,30577,40787,437587,221869,215718,94463,44367,50096,391140,201198,189942,77073,38821,38252,1350412,701870,648542,213756,125854,87902,438736,208763,229973,38323,27710,10613,NAGPUR,MAHARASHTRA,2011
188741,92322,96419,5716,4536,1180,176805,85308,91497,5998,5038,960,154516,79063,75453,5140,4540,600,481360,249903,231457,11380,10660,720,159294,76941,82353,490,450,40,NANDED,MAHARASHTRA,1991
229289,121032,108257,17868,13134,4734,215426,104582,110844,24936,19879,5057,200453,100325,100128,16907,14183,2724,578712,301863,276849,29710,25784,3926,268085,120615,147470,2302,2093,209,NANDED,MAHARASHTRA,2001
328772,174477,154295,28870,18411,10459,282116,143647,138469,29119,19881,9238,246228,124549,121679,22772,16434,6338,777508,396850,380658,59582,48071,11511,321226,148061,173165,7180,6361,819,NANDED,MAHARASHTRA,2011
105524,52328,53196,5051,3366,1685,98060,47778,50282,6454,4724,1730,92368,44942,47426,5944,4801,1143,287556,148244,139312,10322,8776,1546,94983,42382,52601,711,633,78,NANDURBAR,MAHARASHTRA,2001
150545,74923,75622,10394,6089,4305,125564,63025,62539,9869,6391,3478,110628,54138,56490,7041,4751,2290,392669,198240,194429,19378,15242,4136,128656,58816,69840,2025,1725,300,NANDURBAR,MAHARASHTRA,2011
333216,167148,166068,19450,12350,7100,314184,155794,158390,21883,15530,6353,267181,137639,129542,15324,11504,3820,835839,432476,403363,30928,24828,6100,239462,118502,120960,1930,1720,210,NASHIK,MAHARASHTRA,1991
464029,250327,213702,38778,22374,16404,401766,203225,198541,47743,30056,17687,364165,185102,179063,39141,26841,12300,1122084,586511,535573,77579,57389,20190,376144,171032,205112,6955,5565,1390,NASHIK,MAHARASHTRA,2001
611895,314437,297458,67265,35693,31572,558759,288776,269983,78786,45994,32792,474438,245531,228907,59232,35332,23900,1526812,789614,737198,147505,100558,46947,514471,239964,274507,19340,14765,4575,NASHIK,MAHARASHTRA,2011
104137,52773,51364,4546,3706,840,94286,46423,47863,3813,3210,603,81702,40930,40772,2820,2470,350,290123,148759,141364,7760,7230,530,105361,53929,51432,230,220,10,OSMANABAD,MAHARASHTRA,1991
113620,61916,51704,10200,7598,2602,107728,52463,55265,11644,9299,2345,99171,49294,49877,7768,6606,1162,313655,162768,150887,15176,13578,1598,186867,88206,98661,1395,1320,75,OSMANABAD,MAHARASHTRA,2001
157097,85841,71256,18303,11668,6635,131296,68384,62912,18623,13017,5606,111430,56298,55132,13188,9748,3440,397920,203169,194751,28464,23850,4614,227210,108447,118763,4785,4314,471,OSMANABAD,MAHARASHTRA,2011
167483,80506,86977,5340,4030,1310,164369,79255,85114,4900,4070,830,147914,73385,74529,4220,3670,550,462597,239830,222767,10210,9580,630,150982,72062,78920,240,230,10,PARBHANI,MAHARASHTRA,1991
112920,58839,54081,8589,6237,2352,106357,50755,55602,10043,7830,2213,105615,51272,54343,6711,5489,1222,319993,165287,154706,14295,12413,1882,160082,71132,88950,1158,1074,84,PARBHANI,MAHARASHTRA,2001
173587,91586,82001,15691,9869,5822,147002,74873,72129,15967,10943,5024,129188,64347,64841,11843,8568,3275,427092,216036,211056,26128,20995,5133,193661,88774,104887,3591,3177,414,PARBHANI,MAHARASHTRA,2011
532049,272032,260017,55690,31220,24470,491041,243371,247670,53220,32600,20620,420964,219335,201629,43373,27493,15880,1296699,682469,614230,97460,67540,29920,382246,191066,191180,13410,10420,2990,PUNE,MAHARASHTRA,1991
721875,384601,337274,98756,51768,46988,670978,342315,328663,120658,66919,53739,582215,302738,279477,91657,56130,35527,1787779,932657,855122,207141,131466,75675,583449,280149,303300,32841,23313,9528,PUNE,MAHARASHTRA,2001
1028019,537628,490391,198440,99902,98538,998018,521114,476904,272029,142232,129797,819858,434963,384895,203757,113055,90702,2533973,1313929,1220044,420816,251582,169234,856466,418108,438358,81629,53323,28306,PUNE,MAHARASHTRA,2011
165757,78178,87579,7380,3910,3470,149515,69320,80195,8459,5460,2999,131671,65368,66303,6740,4670,2070,422246,211737,210509,10079,7730,2349,119968,56188,63780,600,520,80,RAIGARH,MAHARASHTRA,1991
200386,101623,98763,15243,8006,7237,194115,95362,98753,21847,12170,9677,173297,88130,85167,17997,11545,6452,537210,273927,263283,29239,20889,8350,177849,81688,96161,2101,1654,447,RAIGARH,MAHARASHTRA,2001
253293,129247,124046,34834,16899,17935,243936,123979,119957,44601,23344,21257,215669,109793,105876,34530,18913,15617,749980,385263,364717,78937,49896,29041,245431,114435,130996,7937,5634,2303,RAIGARH,MAHARASHTRA,2011
124503,51388,73115,4514,2504,2010,109763,43188,66575,4577,2960,1617,92699,38315,54384,3680,2450,1230,380199,161568,218631,7360,5740,1620,150493,67410,83083,490,450,40,RATNAGIRI,MAHARASHTRA,1991
131991,59050,72941,6889,3390,3499,127053,55448,71605,9647,5416,4231,115372,52135,63237,8159,5251,2908,429044,192838,236206,14920,10552,4368,200987,86666,114321,1316,1049,267,RATNAGIRI,MAHARASHTRA,2001
122290,56359,65931,12544,6103,6441,111560,50446,61114,12680,6512,6168,108859,48514,60345,10033,5375,4658,483973,223288,260685,28477,17856,10621,243040,102867,140173,3672,2568,1104,RATNAGIRI,MAHARASHTRA,2011
192533,97376,95157,13600,8820,4780,176146,82104,94042,11860,8240,3620,157362,76503,80859,10070,7610,2460,545986,278262,267724,22920,18980,3940,194967,101420,93547,1610,1430,180,SANGLI,MAHARASHTRA,1991
219161,111896,107265,22047,12689,9358,205863,97774,108089,24366,15709,8657,188558,91396,97162,18459,13219,5240,664880,333092,331788,44822,34681,10141,277778,131755,146023,4486,3754,732,SANGLI,MAHARASHTRA,2001
257962,130447,127515,39026,19879,19147,230281,113937,116344,40890,23534,17356,202781,98870,103911,28510,17179,11331,799323,395791,403532,74368,52283,22085,353938,169282,184656,12971,10233,2738,SANGLI,MAHARASHTRA,2011
204417,96467,107950,12093,7773,4320,185144,81001,104143,10832,7842,2990,159810,70916,88894,8310,6350,1960,596306,284807,311499,20010,17040,2970,218361,106237,112124,1170,1100,70,SATARA,MAHARASHTRA,1991
236298,119126,117172,23297,13316,9981,218460,104085,114375,25781,16797,8984,197640,94925,102715,19083,13735,5348,712299,345851,366448,42541,33249,9292,317276,146965,170311,3756,3204,552,SATARA,MAHARASHTRA,2001
271808,135212,136596,42591,20457,22134,241713,119839,121874,41935,23122,18813,214455,104928,109527,30359,17691,12668,862882,424742,438140,77741,54822,22919,394857,186392,208465,12362,9837,2525,SATARA,MAHARASHTRA,2011
71340,31760,39580,3710,2010,1700,60271,27448,32823,3290,2100,1190,47523,22142,25381,2270,1730,540,216113,96474,119639,5430,4330,1100,95742,41630,54112,350,340,10,SINDHUDURG,MAHARASHTRA,1991
70225,32983,37242,4977,2377,2600,68103,31042,37061,6210,3467,2743,61858,29795,32063,5091,3242,1849,233122,111297,121825,10172,7151,3021,113994,49224,64770,1173,935,238,SINDHUDURG,MAHARASHTRA,2001
64768,32084,32684,7264,3377,3887,59942,29890,30052,7503,3939,3564,59690,29031,30659,6215,3339,2876,268967,132336,136631,17630,11161,6469,136602,60079,76523,2856,2010,846,SINDHUDURG,MAHARASHTRA,2011
285748,142751,142997,12660,8910,3750,256347,122743,133604,12820,10030,2790,226183,112157,114026,10740,8550,2190,731878,379537,352341,22430,19630,2800,249134,128638,120496,1570,1450,120,SOLAPUR,MAHARASHTRA,1991
319172,167583,151589,23066,15364,7702,294175,143230,150945,25407,18282,7125,274695,134470,140225,18682,14380,4302,918712,472450,446262,43736,35244,8492,368227,175531,192696,4260,3620,640,SOLAPUR,MAHARASHTRA,2001
422422,223496,198926,48792,28776,20016,354912,182587,172325,49760,31860,17900,305901,152022,153879,35074,23343,11731,1121695,563222,558473,86527,64681,21846,472239,228849,243390,14250,11718,2532,SOLAPUR,MAHARASHTRA,2011
525174,273292,251882,43130,21190,21940,535252,272855,262397,50798,27548,23250,462891,253565,209326,48470,31390,17080,1177543,670581,506962,80290,59830,20460,237989,117519,120470,5980,4920,1060,THANE,MAHARASHTRA,1991
826262,462979,363283,92434,45251,47183,833515,447587,385928,133013,68761,64252,728316,398154,330162,113631,65728,47903,2029205,1122491,906714,235407,156304,79103,420149,201260,218889,20581,16129,4452,THANE,MAHARASHTRA,2001
1147520,611986,535534,186714,90965,95749,1156966,614115,542851,249844,127942,121902,991627,533590,458037,190471,102151,88320,3100684,1664212,1436472,447035,264909,182126,729498,363924,365574,58492,40381,18111,THANE,MAHARASHTRA,2011
96517,53313,43204,6130,3570,2560,83145,41220,41925,5370,3770,1600,72504,37485,35019,3580,2740,840,250262,129070,121192,9130,8000,1130,96169,51295,44874,460,410,50,WARDHA,MAHARASHTRA,1991
113211,61077,52134,9734,5031,4703,104311,52976,51335,11825,7085,4740,93973,48752,45221,9517,6549,2968,302350,159317,143033,19184,14931,4253,135153,65455,69698,1881,1645,236,WARDHA,MAHARASHTRA,2001
123796,63617,60179,13599,5839,7760,113303,58514,54789,17847,9128,8719,101012,51600,49412,13548,7570,5978,381140,198259,182881,36329,24459,11870,158182,76337,81845,5582,4714,868,WARDHA,MAHARASHTRA,2011
84182,45268,38914,4615,3226,1389,77272,38091,39181,6062,4622,1440,71869,35771,36098,4825,3951,874,222056,115032,107024,8044,7002,1042,100577,46227,54350,694,634,60,WASHIM,MAHARASHTRA,2001
112637,61091,51546,8617,5531,3086,97995,50539,47456,8988,6075,2913,87440,43739,43701,6743,4695,2048,300156,154567,145589,16876,13592,3284,125014,57804,67210,2266,2010,256,WASHIM,MAHARASHTRA,2011
182512,94343,88169,5410,3200,2210,161386,77460,83926,6160,4630,1530,138070,70559,67511,4421,3671,750,459106,237631,221475,10328,9278,1050,154951,76838,78113,520,490,30,YAVATMAL,MAHARASHTRA,1991
214009,114769,99240,13040,7554,5486,197570,98874,98696,16650,11127,5523,179608,90657,88951,12285,9043,3242,554836,288364,266472,25315,20448,4867,225261,104802,120459,2333,2050,283,YAVATMAL,MAHARASHTRA,2001
262712,136946,125766,19004,10214,8790,236944,120982,115962,21533,12517,9016,209291,106180,103111,16610,10120,6490,731817,375125,356692,44269,32228,12041,275963,129030,146933,6440,5457,983,YAVATMAL,MAHARASHTRA,2011
16653,8194,8459,1030,583,447,15867,7711,8156,1553,959,594,12893,6448,6445,1320,917,403,41248,21523,19725,2669,2237,432,11987,6365,5622,60,55,5,BISHNUPUR,MANIPUR,1991
20460,9906,10554,1602,879,723,18400,8995,9405,3577,2012,1565,15002,7730,7272,2868,1744,1124,48433,24448,23985,6045,4399,1646,15427,7740,7687,335,309,26,BISHNUPUR,MANIPUR,2001
21058,10253,10805,1238,707,531,22445,10900,11545,2342,1281,1061,18703,9269,9434,3062,1740,1322,63280,31376,31904,10372,6742,3630,19739,9927,9812,1135,984,151,BISHNUPUR,MANIPUR,2011
7112,3814,3298,107,74,33,7418,3804,3614,227,156,71,5376,2924,2452,226,169,57,16133,8819,7314,367,317,50,4126,2331,1795,12,9,3,CHANDEL,MANIPUR,1991
12435,5950,6485,362,201,161,10775,5204,5571,831,490,341,8573,4081,4492,707,450,257,27773,14230,13543,1372,1013,359,6768,3655,3113,54,48,6,CHANDEL,MANIPUR,2001
15374,7727,7647,1039,578,461,14649,7564,7085,1682,1001,681,11630,6084,5546,1281,753,528,37927,20077,17850,2363,1637,726,8096,4257,3839,130,97,33,CHANDEL,MANIPUR,2011
17197,8616,8581,293,167,126,16731,8215,8516,614,413,201,12509,6770,5739,657,498,159,36804,20219,16585,1597,1413,184,9571,5530,4041,105,101,4,CHURACHANDPUR,MANIPUR,1991
23987,12228,11759,952,570,382,19974,9920,10054,1678,1055,623,16124,8555,7569,1163,822,341,50428,26301,24127,2871,2351,520,14002,7473,6529,307,289,18,CHURACHANDPUR,MANIPUR,2001
29144,14563,14581,2479,1564,915,25966,12999,12967,2780,1707,1073,20939,10747,10192,2212,1388,824,65868,33474,32394,3893,2805,1088,18091,9075,9016,492,432,60,CHURACHANDPUR,MANIPUR,2011
69680,35198,34482,7296,3765,3531,63274,31474,31800,11163,5841,5322,51061,25704,25357,9384,5472,3912,149846,79263,70583,18029,13549,4480,45771,23528,22243,851,784,67,IMPHAL,MANIPUR,1991
40286,20090,20196,3276,1794,1482,35551,17162,18389,6954,3776,3178,29580,14715,14865,6661,3714,2947,91840,46759,45081,14997,9869,5128,27153,13478,13675,1084,978,106,IMPHAL EAST,MANIPUR,2001
42651,20493,22158,4376,2157,2219,44299,21326,22973,7434,3821,3613,36226,17592,18634,7445,3928,3517,122436,60764,61672,23948,14030,9918,34782,17032,17750,2662,2160,502,IMPHAL EAST,MANIPUR,2011
46967,23143,23824,5660,2939,2721,41584,20155,21429,11420,5812,5608,35578,17573,18005,11493,5916,5577,110096,55866,54230,26920,16599,10321,34342,16340,18002,2115,1905,210,IMPHAL WEST,MANIPUR,2001
47328,22876,24452,7227,3509,3718,50338,24113,26225,11821,5924,5897,43668,20928,22740,12392,6259,6133,148892,72718,76174,42364,23565,18799,44980,21466,23514,5527,4259,1268,IMPHAL WEST,MANIPUR,2011
26432,13579,12853,369,224,145,20926,10895,10031,631,428,203,12982,6708,6274,570,423,147,43214,21993,21221,1136,932,204,11115,6506,4609,84,79,5,SENAPATI,MANIPUR,1991
16396,8133,8263,415,250,165,14235,7052,7183,881,567,314,11067,5807,5260,700,506,194,33667,17643,16024,1422,1096,326,8417,4559,3858,84,77,7,SENAPATI,MANIPUR,2001
54558,28047,26511,5278,3130,2148,44456,22313,22143,5688,3452,2236,33697,16962,16735,3503,2227,1276,107351,54130,53221,6285,4528,1757,22476,12009,10467,466,383,83,SENAPATI,MANIPUR,2011
7899,4018,3881,74,47,27,7674,3830,3844,177,125,52,5634,2904,2730,165,140,25,16959,8999,7960,365,337,28,4715,2588,2127,16,14,2,TAMENGLONG,MANIPUR,1991
12356,6624,5732,314,202,112,10114,5222,4892,627,434,193,7636,4030,3606,553,373,180,22731,11871,10860,924,770,154,6363,3295,3068,60,52,8,TAMENGLONG,MANIPUR,2001
15139,7721,7418,953,579,374,13733,6997,6736,1458,880,578,10534,5451,5083,1082,711,371,31074,16130,14944,1661,1225,436,8606,4401,4205,116,105,11,TAMENGLONG,MANIPUR,2011
27152,13408,13744,1671,1108,563,24385,11706,12679,2280,1614,666,19962,9779,10183,1611,1257,354,58500,29981,28519,2805,2511,294,17520,9218,8302,64,59,5,THOUBAL,MANIPUR,1991
35311,16959,18352,1991,1202,789,31608,15368,16240,4573,2836,1737,25620,12849,12771,4071,2667,1404,81033,40879,40154,7748,6149,1599,24038,12027,12011,411,389,22,THOUBAL,MANIPUR,2001
38265,18605,19660,2328,1330,998,38378,18428,19950,3750,2209,1541,32009,15755,16254,4315,2654,1661,106393,53162,53231,13597,9622,3975,30854,15269,15585,1251,1130,121,THOUBAL,MANIPUR,2011
10442,5985,4457,227,117,110,9941,5333,4608,358,288,70,7492,3820,3672,373,276,97,22845,12462,10383,886,776,110,6300,3473,2827,54,53,1,UKHRUL,MANIPUR,1991
14286,7360,6926,835,443,392,11641,6019,5622,1437,875,562,9836,5417,4419,1115,748,367,30721,16335,14386,2315,1874,441,8960,4666,4294,283,268,15,UKHRUL,MANIPUR,2001
18265,9302,8963,2172,1190,982,16213,8248,7965,2705,1576,1129,13548,6890,6658,2103,1289,814,42867,22008,20859,4125,2994,1131,12396,6359,6037,556,501,55,UKHRUL,MANIPUR,2011
13517,5889,7628,40,29,11,17387,7339,10048,149,102,47,12651,6504,6147,138,107,31,37056,21101,15955,321,275,46,7293,4785,2508,14,13,1,EAST GARO HILLS,MEGHALAYA,1991
18271,8450,9821,161,91,70,20545,9035,11510,322,208,114,15832,7798,8034,237,183,54,50669,27655,23014,562,461,101,10459,6302,4157,40,34,6,EAST GARO HILLS,MEGHALAYA,2001
29973,14124,15849,382,198,184,27790,13555,14235,638,405,233,20428,10476,9952,489,327,162,66195,34431,31764,825,605,220,13727,7597,6130,81,72,9,EAST GARO HILLS,MEGHALAYA,2011
62912,31127,31785,3744,1776,1968,58103,29750,28353,4260,2311,1949,43120,22651,20469,3583,1985,1598,128775,70507,58268,10178,6867,3311,30036,15325,14711,1137,949,188,EAST KHASI HILLS,MEGHALAYA,1991
65744,32490,33254,5959,2803,3156,56441,27613,28828,7923,3814,4109,45745,23482,22263,5494,2888,2606,133681,70471,63210,15559,9333,6226,31677,14301,17376,2180,1579,601,EAST KHASI HILLS,MEGHALAYA,2001
86204,42763,43441,9256,3892,5364,75886,37573,38313,13269,5792,7477,59711,29788,29923,10308,4884,5424,177212,87986,89226,23239,12310,10929,42081,17919,24162,3938,2430,1508,EAST KHASI HILLS,MEGHALAYA,2011
20653,10284,10369,175,82,93,17597,9139,8458,307,175,132,12307,6529,5778,256,161,95,36078,19321,16757,611,442,169,9335,4587,4748,40,35,5,JAINTIA HILLS,MEGHALAYA,1991
25648,12478,13170,628,286,342,22351,11233,11118,929,466,463,17698,9097,8601,538,299,239,50103,25864,24239,1145,725,420,11754,5219,6535,114,91,23,JAINTIA HILLS,MEGHALAYA,2001
37214,18059,19155,1694,701,993,31264,15666,15598,2110,907,1203,22735,11510,11225,1433,687,746,65683,32751,32932,2181,1134,1047,14878,6269,8609,258,175,83,JAINTIA HILLS,MEGHALAYA,2011
16030,7776,8254,316,161,155,15215,7307,7908,457,254,203,11963,6270,5693,346,206,140,35412,19481,15931,735,518,217,7823,4283,3540,46,35,11,RI BHOI,MEGHALAYA,2001
24142,11840,12302,851,372,479,21471,11025,10446,1125,576,549,16352,8467,7885,733,401,332,48026,25067,22959,1136,743,393,10932,5629,5303,99,75,24,RIBHOI,MEGHALAYA,2011
7350,3495,3855,26,20,6,7928,3778,4150,107,76,31,6192,3190,3002,89,74,15,20564,11191,9373,187,165,22,5263,3006,2257,6,6,0,SOUTH GARO HILLS,MEGHALAYA,2001
12801,6294,6507,148,85,63,11722,5906,5816,254,166,88,8690,4493,4197,178,138,40,29213,15545,13668,317,245,72,7197,3910,3287,16,14,2,SOUTH GARO HILLS,MEGHALAYA,2011
36338,16693,19645,354,236,118,43520,18848,24672,568,359,209,32769,16741,16028,538,406,132,98165,54127,44038,1217,1017,200,23446,13815,9631,73,63,10,WEST GARO HILLS,MEGHALAYA,1991
38424,18385,20039,866,463,403,40348,18038,22310,1304,748,556,33551,16396,17155,948,613,335,111317,59290,52027,2082,1582,500,26385,14582,11803,179,155,24,WEST GARO HILLS,MEGHALAYA,2001
59906,28920,30986,1714,861,853,54333,26593,27740,2465,1358,1107,39873,20092,19781,1872,1093,779,141309,71762,69547,3791,2497,1294,33021,17347,15674,437,334,103,WEST GARO HILLS,MEGHALAYA,2011
17839,8497,9342,112,55,57,17055,8150,8905,175,111,64,12619,6557,6062,102,78,24,37332,20247,17085,306,238,68,8632,4862,3770,23,20,3,WEST KHASI HILLS,MEGHALAYA,1991
23720,11372,12348,370,188,182,21309,10229,11080,641,356,285,16751,8439,8312,437,285,152,50477,26413,24064,631,486,145,12365,6323,6042,43,31,12,WEST KHASI HILLS,MEGHALAYA,2001
34772,17140,17632,1260,549,711,28815,14358,14457,1529,762,767,21868,10960,10908,965,538,427,64485,32800,31685,1308,838,470,17066,8268,8798,95,67,28,WEST KHASI HILLS,MEGHALAYA,2011
45775,24753,21022,1203,623,580,44065,23194,20871,2121,1417,704,33012,17636,15376,1819,1352,467,89762,48673,41089,3641,3071,570,23549,12086,11463,163,137,26,AIZAWL,MIZORAM,1991
37728,19367,18361,2651,1181,1470,31174,16185,14989,4221,2246,1975,23989,12765,11224,2791,1753,1038,72460,38162,34298,5903,4408,1495,18019,8890,9129,574,521,53,AIZAWL,MIZORAM,2001
42733,21187,21546,3786,1723,2063,39424,19518,19906,6098,2973,3125,34857,17061,17796,5871,2990,2881,102578,50981,51597,12153,7638,4515,26751,12984,13767,1477,1253,224,AIZAWL,MIZORAM,2011
11020,5653,5367,297,152,145,8927,4711,4216,555,323,232,6956,3661,3295,418,305,113,22953,11920,11033,742,627,115,6398,3249,3149,37,31,6,CHAMPHAI,MIZORAM,2001
11855,5935,5920,467,244,223,11411,5677,5734,774,389,385,9729,4807,4922,819,463,356,28611,14485,14126,1516,1093,423,8539,4289,4250,96,91,5,CHAMPHAI,MIZORAM,2011
9365,4955,4410,70,54,16,9068,4691,4377,179,150,29,7102,3694,3408,202,180,22,19102,10841,8261,368,352,16,4090,2068,2022,6,6,0,CHHIMTUIPUI,MIZORAM,1991
6651,3432,3219,214,111,103,5969,3131,2838,367,217,150,4517,2493,2024,264,193,71,14635,8002,6633,486,406,80,3625,1910,1715,16,16,0,KOLASIB,MIZORAM,2001
8232,4111,4121,336,177,159,7788,4012,3776,586,333,253,6748,3454,3294,560,308,252,19727,10288,9439,982,690,292,5268,2732,2536,70,63,7,KOLASIB,MIZORAM,2011
6993,3638,3355,85,52,33,6452,3482,2970,210,143,67,4691,2503,2188,206,153,53,15124,8308,6816,302,268,34,3417,1816,1601,28,28,0,LAWNGTLAI,MIZORAM,2001
12457,6051,6406,422,238,184,10528,5357,5171,658,386,272,8582,4470,4112,513,342,171,23172,12217,10955,931,730,201,5380,2770,2610,72,71,1,LAWNGTLAI,MIZORAM,2011
10622,5790,4832,115,62,53,10183,5371,4812,308,223,85,7963,4143,3820,305,253,52,22248,12344,9904,584,541,43,5547,2859,2688,26,26,0,LUNGLEI,MIZORAM,1991
14370,7442,6928,440,240,200,12181,6502,5679,808,501,307,9020,4805,4215,588,425,163,30362,16419,13943,1094,927,167,7656,3861,3795,95,88,7,LUNGLEI,MIZORAM,2001
15847,7946,7901,750,381,369,14501,7337,7164,1173,601,572,12726,6646,6080,1119,695,424,38233,20122,18111,2114,1508,606,10155,5123,5032,199,176,23,LUNGLEI,MIZORAM,2011
5920,3020,2900,118,66,52,5400,2878,2522,237,162,75,4046,2197,1849,186,145,41,13560,7483,6077,295,270,25,3492,1848,1644,20,20,0,MAMIT,MIZORAM,2001
8241,4065,4176,244,121,123,8011,4077,3934,415,250,165,6528,3348,3180,386,259,127,19101,10343,8758,686,527,159,4771,2548,2223,35,35,0,MAMIT,MIZORAM,2011
5677,2899,2778,95,50,45,4867,2459,2408,218,151,67,3700,1868,1832,226,169,57,12503,6611,5892,459,412,47,2928,1438,1490,28,28,0,SAIHA,MIZORAM,2001
5814,2860,2954,287,138,149,4749,2389,2360,466,270,196,4005,1974,2031,361,227,134,12364,6325,6039,746,608,138,3051,1491,1560,57,53,4,SAIHA,MIZORAM,2011
5327,2721,2606,163,88,75,4296,2120,2176,314,191,123,3263,1638,1625,248,173,75,11675,5929,5746,379,316,63,3488,1788,1700,19,17,2,SERCHHIP,MIZORAM,2001
6529,3357,3172,378,204,174,5934,3023,2911,497,253,244,5199,2581,2618,492,290,202,15386,7749,7637,942,660,282,4713,2408,2305,57,55,2,SERCHHIP,MIZORAM,2011
31475,16408,15067,2891,1509,1382,28715,14635,14080,3368,1881,1487,23829,13134,10695,2304,1499,805,66727,39953,26774,5400,4256,1144,9802,5875,3927,455,397,58,DIMAPUR,NAGALAND,2001
43510,21892,21618,5388,2591,2797,39549,20236,19313,7633,3851,3782,32048,16504,15544,5529,3066,2463,86914,47624,39290,9665,6537,3128,16257,9184,7073,982,832,150,DIMAPUR,NAGALAND,2011
6890,3361,3529,223,130,93,5730,2785,2945,299,203,96,4819,2496,2323,241,181,60,13524,6867,6657,273,221,52,2921,1587,1334,6,6,0,KIPHIRE,NAGALAND,2011
39785,21782,18003,2199,1331,868,35657,18985,16672,2268,1554,714,26533,14488,12045,1693,1285,408,74784,44920,29864,4154,3535,619,14138,8284,5854,218,200,18,KOHIMA,NAGALAND,1991
32804,17011,15793,3143,1705,1438,27754,14003,13751,3899,2172,1727,20823,11224,9599,2295,1519,776,62529,34718,27811,5192,4058,1134,12167,6498,5669,359,310,49,KOHIMA,NAGALAND,2001
29633,15417,14216,4085,1924,2161,27013,14132,12881,6275,3221,3054,22561,11680,10881,4340,2388,1952,59704,32305,27399,7697,5028,2669,11777,5829,5948,549,460,89,KOHIMA,NAGALAND,2011
4966,2519,2447,206,103,103,4374,2237,2137,286,168,118,3748,1977,1771,182,128,54,9945,5314,4631,229,188,41,2788,1525,1263,10,7,3,LONGLENG,NAGALAND,2011
17927,9865,8062,632,411,221,13113,6993,6120,703,424,279,9597,5052,4545,586,417,169,33265,17985,15280,1276,1007,269,10472,5808,4664,370,354,16,MOKOKCHUNG,NAGALAND,1991
29234,15530,13704,2262,1227,1035,20503,10692,9811,2810,1585,1225,14806,7768,7038,1528,970,558,50060,25808,24252,2608,1931,677,13179,7153,6026,274,245,29,MOKOKCHUNG,NAGALAND,2001
18975,9925,9050,1585,668,917,17374,8895,8479,2506,1222,1284,16157,8208,7949,2073,1090,983,50570,26476,24094,3031,1931,1100,16489,8404,8085,328,273,55,MOKOKCHUNG,NAGALAND,2011
14121,7678,6443,88,64,24,12988,6989,5999,119,95,24,9381,5184,4197,152,130,22,30844,17308,13536,336,284,52,11891,6871,5020,11,11,0,MON,NAGALAND,1991
26946,14693,12253,201,128,73,19216,10336,8880,324,218,106,13873,7434,6439,202,150,52,52591,28479,24112,556,489,67,16616,9072,7544,23,21,2,MON,NAGALAND,2001
24987,13209,11778,497,272,225,18450,9582,8868,589,379,210,14790,7609,7181,384,267,117,53429,28189,25240,588,485,103,12818,7004,5814,32,28,4,MON,NAGALAND,2011
9300,4761,4539,475,249,226,8299,4244,4055,653,405,248,6807,3626,3181,465,285,180,19694,10392,9302,655,505,150,4252,2263,1989,34,26,8,PEREN,NAGALAND,2011
9799,5360,4439,214,148,66,7972,4208,3764,297,234,63,5949,3134,2815,258,228,30,20124,11132,8992,475,429,46,4861,2857,2004,14,12,2,PHEK,NAGALAND,1991
13230,6634,6596,645,405,240,12370,5950,6420,951,640,311,9794,5051,4743,642,469,173,28651,15509,13142,1253,1076,177,6153,3286,2867,56,49,7,PHEK,NAGALAND,2001
15008,7390,7618,1218,641,577,14072,6910,7162,1662,982,680,12368,6204,6164,1148,774,374,33698,17618,16080,1823,1417,406,8745,4392,4353,110,98,12,PHEK,NAGALAND,2011
20074,10666,9408,207,145,62,17103,8763,8340,311,239,72,13504,6748,6756,258,211,47,48598,25819,22779,570,521,49,13268,8167,5101,26,23,3,TUENSANG,NAGALAND,1991
43893,23440,20453,898,611,287,30528,15510,15018,1056,730,326,21696,10887,10809,599,470,129,80856,42188,38668,1236,1042,194,19856,11703,8153,77,66,11,TUENSANG,NAGALAND,2001
18111,9069,9042,576,292,284,15087,7443,7644,844,479,365,13836,6963,6873,706,471,235,38815,20328,18487,914,720,194,9321,5214,4107,40,34,6,TUENSANG,NAGALAND,2011
7417,3853,3564,253,169,84,6565,3280,3285,328,262,66,4952,2553,2399,250,210,40,15940,8735,7205,539,505,34,3811,2256,1555,27,27,0,WOKHA,NAGALAND,1991
17583,9153,8430,1482,915,567,12549,6257,6292,1601,1031,570,9280,4603,4677,818,600,218,31865,17038,14827,1934,1647,287,5900,3377,2523,142,133,9,WOKHA,NAGALAND,2001
18977,9411,9566,1640,864,776,15017,7211,7806,2094,1180,914,12545,6239,6306,1295,800,495,38092,19537,18555,2220,1704,516,8684,4770,3914,203,188,15,WOKHA,NAGALAND,2011
8718,4438,4280,140,91,49,7188,3475,3713,227,156,71,5338,2495,2843,153,133,20,19827,10380,9447,437,389,48,5336,3173,2163,22,21,1,ZUNHEBOTO,NAGALAND,1991
14765,7352,7413,879,494,385,11807,5746,6061,1099,682,417,8806,4435,4371,591,396,195,30898,16145,14753,1242,1000,242,6650,3772,2878,118,102,16,ZUNHEBOTO,NAGALAND,2001
14006,6815,7191,1080,517,563,11936,5923,6013,1570,838,732,10245,4999,5246,1071,591,480,30078,15330,14748,1366,990,376,8674,4607,4067,101,90,11,ZUNHEBOTO,NAGALAND,2011
62330,33308,29022,11298,5146,6152,59004,31008,27996,14874,6941,7933,50745,27061,23684,12020,5912,6108,167372,89299,78073,39237,21413,17824,45864,22348,23516,8438,5530,2908,CENTRAL,NCT OF DELHI,2011
175202,93387,81815,56901,28731,28170,174806,90961,83845,70373,35779,34594,151437,79744,71693,56534,29959,26575,477351,252591,224760,160284,91073,69211,130493,65162,65331,29777,20627,9150,EAST,NCT OF DELHI,2011
16611,9528,7083,4117,2057,2060,14054,7791,6263,4677,2430,2247,11123,6097,5026,3215,1652,1563,47427,26369,21058,15072,8623,6449,7136,3537,3599,2197,1387,810,NEW DELHI,NCT OF DELHI,2011
92874,49720,43154,23638,11902,11736,88779,46575,42204,25570,13001,12569,76867,40820,36047,18941,10161,8780,244799,132590,112209,51793,30824,20969,59348,29629,29719,8331,5922,2409,NORTH,NCT OF DELHI,2011
245508,129036,116472,47846,24196,23650,213436,111102,102334,47649,24826,22823,176832,92506,84326,33791,18507,15284,537985,287534,250451,85557,55423,30134,130862,66006,64856,10762,8751,2011,NORTH EAST,NCT OF DELHI,2011
382984,206924,176060,90993,46540,44453,351057,185056,166001,100939,50669,50270,299952,156903,143049,78611,40947,37664,969099,518448,450651,233298,132901,100397,247428,125400,122028,43017,30328,12689,NORTH WEST,NCT OF DELHI,2011
288038,156225,131813,75576,40180,35396,274631,144956,129675,86813,46227,40586,238401,126492,111909,68727,38571,30156,731297,398505,332792,191833,113699,78134,170989,86067,84922,45632,28772,16860,SOUTH,NCT OF DELHI,2011
243304,133568,109736,65840,33883,31957,242248,129198,113050,83562,43147,40415,211004,113160,97844,67113,36913,30200,635609,346624,288985,177353,107968,69385,145271,73812,71459,32600,22707,9893,SOUTH WEST,NCT OF DELHI,2011
257209,139715,117494,59953,29126,30827,250311,131549,118762,82851,40282,42569,218338,114672,103666,68487,34768,33719,713076,377987,335089,212318,115124,97194,210054,104794,105260,47305,31334,15971,WEST,NCT OF DELHI,2011
119804,59356,60448,7203,3502,3701,110131,55035,55096,9327,5067,4260,99475,50103,49372,10005,6140,3865,347104,181599,165505,23641,17265,6376,114459,60414,54045,1977,1786,191,ANUGUL,ODISHA,2011
139994,70971,69023,6985,4022,2963,129109,64195,64914,8486,5232,3254,117099,57808,59291,8343,5654,2689,447826,227952,219874,17203,13753,3450,175962,86180,89782,1784,1600,184,BALANGIR,ODISHA,2011
209861,105710,104151,15462,8035,7427,210463,104886,105577,21564,12342,9222,178885,90986,87899,21699,13534,8165,621113,322299,298814,51925,39092,12833,213188,108437,104751,5473,4771,702,BALESHWAR,ODISHA,2011
138061,69354,68707,8214,4502,3712,125242,63413,61829,10080,6196,3884,111936,56423,55513,9318,6719,2599,425328,217432,207896,17970,14915,3055,155163,77111,78052,1803,1684,119,BARGARH,ODISHA,2011
36141,17655,18486,1231,798,433,34899,17324,17575,1481,993,488,31066,14994,16072,1347,955,392,114154,58015,56139,3117,2550,567,41397,21213,20184,316,294,22,BAUDH,ODISHA,2011
140434,69202,71232,9712,5050,4662,130406,64008,66398,12873,7285,5588,111249,55418,55831,13736,8770,4966,399717,204076,195641,29760,22401,7359,143149,72823,70326,3706,3209,497,BHADRAK,ODISHA,2011
250178,126966,123212,31635,16225,15410,241198,120569,120629,37532,20267,17265,207895,105428,102467,35903,21335,14568,756410,396912,359498,90617,64075,26542,278680,144547,134133,12523,10378,2145,CUTTACK,ODISHA,2011
27793,13407,14386,1298,658,640,26536,13055,13481,1801,1092,709,23066,11463,11603,1909,1291,618,83915,42952,40963,4013,3237,776,28797,14844,13953,502,477,25,DEBAGARH,ODISHA,2011
108215,53578,54637,6584,3364,3220,102880,50673,52207,8120,4532,3588,92312,46279,46033,8824,5610,3214,334126,172835,161291,19905,15174,4731,122193,64694,57499,2084,1867,217,DHENKANAL,ODISHA,2011
48534,22921,25613,2012,1213,799,44957,21860,23097,2098,1365,733,39002,18510,20492,1744,1171,573,145856,71555,74301,4171,3278,893,44257,19729,24528,415,375,40,GAJAPATI,ODISHA,2011
319599,162910,156689,20026,11363,8663,291362,144184,147178,21793,13065,8728,256254,123501,132753,18949,12345,6604,941291,473330,467961,45623,35200,10423,340460,170847,169613,6190,5631,559,GANJAM,ODISHA,2011
105529,52109,53420,9244,4719,4525,106213,52282,53931,11916,6549,5367,88679,44766,43913,11693,7041,4652,331321,169369,161952,26112,19427,6685,135901,70047,65854,2848,2506,342,JAGATSINGHAPUR,ODISHA,2011
177973,87903,90070,11888,5947,5941,162951,80830,82121,15922,8782,7140,135998,68143,67855,16627,10398,6229,490617,249228,241389,35230,26818,8412,185483,95642,89841,4105,3612,493,JAJAPUR,ODISHA,2011
59195,30234,28961,3927,1868,2059,53591,27662,25929,5180,2783,2397,45174,23242,21932,5109,3037,2072,160635,83525,77110,10826,7902,2924,52223,26164,26059,889,782,107,JHARSUGUDA,ODISHA,2011
123931,60492,63439,4789,2928,1861,119701,59277,60424,5806,3734,2072,112693,54774,57919,5347,3813,1534,429002,216996,212006,11554,9486,2068,149616,70977,78639,1162,1075,87,KALAHANDI,ODISHA,2011
62252,28684,33568,2222,1230,992,57861,28180,29681,2768,1681,1087,47309,23021,24288,2511,1689,822,184496,91481,93015,6100,4892,1208,63443,30102,33341,362,322,40,KANDHAMAL,ODISHA,2011
130371,62335,68036,9990,5002,4988,123271,58591,64680,13031,6994,6037,104557,50744,53813,12957,8054,4903,391587,195130,196457,27616,20840,6776,169309,86502,82807,3271,2906,365,KENDRAPARA,ODISHA,2011
161187,77061,84126,7959,4002,3957,153775,76406,77369,11389,6364,5025,132107,66521,65586,12811,8300,4511,479580,246043,233537,28820,22435,6385,143972,71506,72466,2647,2363,284,KENDUJHAR,ODISHA,2011
223140,113883,109257,37957,19952,18005,210276,103760,106516,45960,24318,21642,185882,94100,91782,44811,25504,19307,654320,343828,310492,124048,83717,40331,204845,108647,96198,19397,16144,3253,KHORDHA,ODISHA,2011
113428,53033,60395,4380,2126,2254,108118,53841,54277,5694,3045,2649,93375,46063,47312,5417,3184,2233,353878,177785,176093,13419,9650,3769,108756,48412,60344,958,869,89,KORAPUT,ODISHA,2011
50434,23686,26748,825,494,331,50846,25640,25206,1145,728,417,41845,21166,20679,1087,732,355,141299,72538,68761,2562,2057,505,46495,20199,26296,94,82,12,MALKANGIRI,ODISHA,2011
212210,102128,110082,9126,4581,4545,200494,98063,102431,12442,7027,5415,171826,83652,88174,13209,8532,4677,679469,339387,340082,33963,26288,7675,212916,103185,109731,3865,3410,455,MAYURBHANJ,ODISHA,2011
97925,45842,52083,1670,968,702,97151,48797,48354,2053,1252,801,82874,40975,41899,1861,1194,667,296767,150742,146025,4600,3638,962,89672,40966,48706,265,237,28,NABARANGAPUR,ODISHA,2011
81985,42577,39408,4704,2802,1902,82799,41703,41096,6128,3797,2331,73111,36653,36458,6219,4271,1948,272267,142101,130166,13547,10930,2617,113702,61089,52613,1533,1421,112,NAYAGARH,ODISHA,2011
48760,23638,25122,1628,980,648,45988,22870,23118,1865,1208,657,41977,20363,21614,1808,1186,622,158480,79271,79209,3984,3258,726,64549,30335,34214,294,272,22,NUAPADA,ODISHA,2011
162387,81343,81044,13137,6905,6232,152563,75504,77059,17404,9750,7654,130744,65564,65180,17119,10714,6405,489776,251922,237854,37780,27825,9955,185576,95090,90486,4642,3969,673,PURI,ODISHA,2011
80515,37629,42886,3540,2021,1519,76588,37396,39192,3985,2364,1621,65878,31622,34256,3503,2282,1221,248106,122323,125783,8220,6442,1778,72607,29919,42688,704,643,61,RAYAGADA,ODISHA,2011
99995,49111,50884,7660,3498,4162,91387,45568,45819,9652,5101,4551,78573,39339,39234,9410,5566,3844,295906,151120,144786,24128,17558,6570,98822,50266,48556,3079,2724,355,SAMBALPUR,ODISHA,2011
56706,29379,27327,2377,1433,944,50472,26164,24308,3116,2126,990,43522,22179,21343,2921,2141,780,158802,81256,77546,5670,4777,893,64886,33220,31666,527,495,32,SUBARNAPUR,ODISHA,2011
196990,97842,99148,14776,6960,7816,182809,91140,91669,18831,9003,9828,158628,78433,80195,16841,8685,8156,575076,297784,277292,44983,30557,14426,163970,81163,82807,4869,4086,783,SUNDARGARH,ODISHA,2011
101770,51780,49990,8498,5116,3382,99506,49887,49619,9979,6786,3193,87343,44316,43027,6753,4780,1973,271609,145827,125782,11817,9736,2081,84672,44455,40217,629,572,57,ANUGUL,ORISSA,2001
138267,69377,68890,3400,2500,900,139652,70532,69120,3930,3140,790,123291,60900,62391,2610,2250,360,406913,209611,197302,5190,4440,750,127320,61560,65760,580,490,90,BALANGIR,ORISSA,1991
107896,55433,52463,7036,4932,2104,108354,53997,54357,7533,5736,1797,101335,49553,51782,4630,3616,1014,330789,171045,159744,8219,7105,1114,125822,59420,66402,569,518,51,BALANGIR,ORISSA,2001
265763,133472,132291,13200,9540,3660,236579,117026,119553,13640,10690,2950,186097,96712,89385,9410,7870,1540,559868,291377,268491,16380,14490,1890,204698,106414,98284,1660,1320,340,BALESHWAR,ORISSA,1991
182913,94510,88403,16157,9863,6294,173356,84032,89324,20542,13942,6600,151028,77488,73540,14057,10785,3272,467208,245865,221343,23848,20344,3504,160043,81223,78820,1696,1567,129,BALESHWAR,ORISSA,2001
116641,61511,55130,7831,5702,2129,107945,54299,53646,7626,6075,1551,101318,49814,51504,4692,3885,807,337600,174840,162760,7515,6686,829,130731,63493,67238,568,533,35,BARGARH,ORISSA,2001
31063,15233,15830,1095,792,303,30612,14933,15679,1247,993,254,27446,13569,13877,916,765,151,91408,47290,44118,1407,1264,143,29777,15041,14736,72,66,6,BAUDH,ORISSA,2001
121313,61861,59452,12094,7587,4507,105109,50162,54947,13261,9352,3909,95261,47303,47958,7727,6077,1650,303228,156562,146666,12660,10972,1688,114417,58238,56179,1143,1046,97,BHADRAK,ORISSA,2001
512789,269252,243537,33252,23132,10120,451477,223480,227997,28680,22240,6440,360410,182546,177864,19380,16050,3330,1209117,620441,588676,36088,32248,3840,472793,248877,223916,3030,2870,160,CUTTACK,ORISSA,1991
223704,117028,106676,29331,17071,12260,206178,103770,102408,33061,21436,11625,178058,92292,85766,22031,15800,6231,577942,305377,272565,44778,35447,9331,229357,117656,111701,5004,4426,578,CUTTACK,ORISSA,2001
23118,11303,11815,1654,1092,562,22765,11197,11568,1889,1485,404,20407,10091,10316,946,805,141,64190,33602,30588,1440,1314,126,22098,11183,10915,99,93,6,DEBAGARH,ORISSA,2001
168226,86942,81284,6440,4550,1890,158131,81098,77033,6180,4680,1500,131409,67730,63679,4920,4000,920,428816,229729,199087,8480,7430,1050,132712,71252,61460,710,620,90,DHENKANAL,ORISSA,1991
97059,48012,49047,7953,4895,3058,91706,45397,46309,9183,6537,2646,78484,39104,39380,5180,4008,1172,260228,135584,124644,8415,7157,1258,93212,49071,44141,584,544,40,DHENKANAL,ORISSA,2001
40750,18522,22228,1591,1059,532,44286,20513,23773,1599,1122,477,38314,18356,19958,1164,901,263,119340,60015,59325,2391,2089,302,33676,14688,18988,181,175,6,GAJAPATI,ORISSA,2001
272276,132267,140009,9650,7090,2560,253927,125738,128189,9188,7108,2080,199784,100351,99433,6380,5440,940,716838,357863,358975,13030,11820,1210,237650,116500,121150,1190,1170,20,GANJAM,ORISSA,1991
265444,131116,134328,18159,11975,6184,256690,121634,135056,17948,12712,5236,224525,108326,116199,11723,8977,2746,745697,378916,366781,26342,22651,3691,271718,134037,137681,2480,2306,174,GANJAM,ORISSA,2001
98959,51030,47929,10902,6360,4542,88602,43361,45241,12458,8448,4010,75437,38445,36992,7202,5603,1599,263674,135193,128481,11200,9590,1610,114274,59035,55239,829,788,41,JAGATSINGHAPUR,ORISSA,2001
151277,77666,73611,16071,9732,6339,129407,63248,66159,17424,12421,5003,116346,57618,58728,9828,7791,2037,384160,195622,188538,15018,13170,1848,143185,73205,69980,1155,1097,58,JAJAPUR,ORISSA,2001
45371,24433,20938,3718,2273,1445,41477,20829,20648,3890,2443,1447,38162,19079,19083,2950,2052,898,127366,67272,60094,5374,4378,996,41798,20741,21057,294,268,26,JHARSUGUDA,ORISSA,2001
137586,66115,71471,1810,1420,390,140945,71283,69662,2770,2300,470,117847,58652,59195,1820,1590,230,374510,193216,181294,3000,2910,90,106469,49607,56862,130,110,20,KALAHANDI,ORISSA,1991
105463,51071,54392,4191,3049,1142,114778,56718,58060,4727,3758,969,107252,53229,54023,3143,2561,582,329799,169735,160064,5557,4990,567,107933,48503,59430,272,262,10,KALAHANDI,ORISSA,2001
49314,22348,26966,1955,1203,752,53691,25503,28188,2448,1788,660,48936,24084,24852,1799,1404,395,147954,76602,71352,3253,2899,354,41611,18794,22817,120,116,4,KANDHAMAL,ORISSA,2001
115055,55305,59750,11979,6787,5192,99190,45970,53220,12906,8718,4188,87571,42409,45162,7046,5623,1423,304546,151997,152549,10818,9546,1272,140835,71346,69489,852,811,41,KENDRAPARA,ORISSA,2001
119149,58600,60549,4010,2960,1050,116063,58967,57096,4387,3450,937,94212,48116,46096,3610,2980,630,305294,160867,144427,6780,5780,1000,81151,39332,41819,610,440,170,KENDUJHAR,ORISSA,1991
130058,63764,66294,10291,6462,3829,131379,63992,67387,12500,8876,3624,120694,59231,61463,7448,5839,1609,378900,200084,178816,12672,10931,1741,104505,50185,54320,760,702,58,KENDUJHAR,ORISSA,2001
190083,103052,87031,35368,21679,13689,176628,90802,85826,39021,24636,14385,149330,78337,70993,27073,18370,8703,469481,252490,216991,60339,46691,13648,150502,78512,71990,7327,6599,728,KHORDHA,ORISSA,2001
255634,115640,139994,4090,2780,1310,274706,137324,137382,6260,4810,1450,222051,113210,108841,4670,4130,540,729499,382963,346536,7470,6770,700,159568,76317,83251,300,280,20,KORAPUT,ORISSA,1991
93130,42539,50591,4324,2414,1910,107747,51840,55907,4879,2973,1906,95536,47341,48195,3747,2589,1158,297103,155087,142016,8167,6797,1370,65829,30023,35806,408,378,30,KORAPUT,ORISSA,2001
40345,18016,22329,760,486,274,46257,21953,24304,955,659,296,38483,19747,18736,757,609,148,112849,59626,53223,1305,1193,112,28872,13086,15786,27,25,2,MALKANGIRI,ORISSA,2001
164938,77688,87250,4877,3297,1580,165838,81822,84016,5320,4000,1320,134119,67910,66209,4200,3460,740,441102,231370,209732,7930,6860,1070,121750,57147,64603,670,550,120,MAYURBHANJ,ORISSA,1991
166716,80306,86410,11775,7553,4222,185303,87177,98126,14698,10574,4124,171507,83000,88507,9458,7368,2090,548543,286101,262442,16514,14164,2350,159014,74336,84678,1178,1074,104,MAYURBHANJ,ORISSA,2001
78981,36399,42582,1337,827,510,89703,43702,46001,1579,1097,482,77503,38685,38818,1240,960,280,234132,122257,111875,2416,2155,261,62511,29066,33445,95,89,6,NABARANGAPUR,ORISSA,2001
76015,39963,36052,5662,3921,1741,72923,36458,36465,6077,4664,1413,62735,31549,31186,3828,3166,662,218031,113946,104085,5958,5353,605,87415,46055,41360,488,469,19,NAYAGARH,ORISSA,2001
40656,19333,21323,1177,859,318,43370,21306,22064,1553,1236,317,40332,19823,20509,1099,908,191,125897,65144,60753,1719,1541,178,48617,21616,27001,88,83,5,NUAPADA,ORISSA,2001
74720,34963,39757,1427,1060,367,75706,37665,38041,1580,1260,320,60647,30770,29877,1170,970,200,201068,104737,96331,2050,1910,140,57473,28593,28880,140,130,10,PHULABANI,ORISSA,1991
341176,180845,160331,26063,17155,8908,304554,155015,149539,24035,17295,6740,239579,123908,115671,17258,13418,3840,824041,436157,387884,33999,29979,4020,284293,149223,135070,3010,2810,200,PURI,ORISSA,1991
141728,72530,69198,14937,8956,5981,126531,61791,64740,16221,11016,5205,111838,55949,55889,9535,7274,2261,375718,194406,181312,16021,13381,2640,146609,74399,72210,1592,1477,115,PURI,ORISSA,2001
66735,30070,36665,2736,1753,983,75244,35410,39834,2812,1944,868,65285,32048,33237,2188,1665,523,201313,102048,99265,4520,3930,590,49154,20197,28957,310,291,19,RAYAGADA,ORISSA,2001
230424,119326,111098,10030,7160,2870,217450,109224,108226,9730,7420,2310,197050,98850,98200,7481,6079,1402,644763,335973,308790,14273,12373,1900,209007,104885,104122,1600,1270,330,SAMBALPUR,ORISSA,1991
83693,42751,40942,8583,5069,3514,78427,38505,39922,8596,5658,2938,70886,35049,35837,5790,4135,1655,233229,122391,110838,13042,10557,2485,78304,39224,39080,1173,1060,113,SAMBALPUR,ORISSA,2001
44767,24006,20761,2468,1897,571,42176,21467,20709,2728,2226,502,38085,18940,19145,1585,1372,213,130203,67200,63003,2254,2036,218,48749,24458,24291,111,105,6,SONAPUR,ORISSA,2001
143877,73178,70699,9060,5930,3130,138626,71314,67312,8836,6160,2676,109281,55784,53497,7050,5480,1570,374985,203510,171475,15834,13190,2644,86072,43383,42689,720,660,60,SUNDARGARH,ORISSA,1991
160176,79902,80274,15143,7824,7319,159615,78967,80648,17546,10131,7415,141563,71365,70198,12551,8549,4002,451957,239320,212637,27204,21213,5991,123860,61444,62416,2114,1910,204,SUNDARGARH,ORISSA,2001
16571,8082,8489,1956,1028,928,15625,7281,8344,1972,1006,966,13536,6661,6875,1540,939,601,44377,22233,22144,3411,2694,717,15034,6796,8238,255,231,24,KARAIKAL,PONDICHERRY,2001
3510,1610,1900,370,122,248,3438,1489,1949,443,162,281,3066,1292,1774,333,135,198,10123,4559,5564,701,442,259,3631,1521,2110,75,59,16,MAHE,PONDICHERRY,2001
74398,36838,37560,10965,5625,5340,74464,35731,38733,12492,6968,5524,62069,31955,30114,9194,5896,3298,195230,101143,94087,20721,15229,5492,60209,27207,33002,2134,1724,410,PONDICHERRY,PONDICHERRY,2001
3215,1498,1717,305,166,139,2988,1473,1515,414,257,157,2550,1350,1200,370,256,114,6982,3664,3318,648,528,120,2142,937,1205,36,33,3,YANAM,PONDICHERRY,2001
14519,6985,7534,688,370,318,13217,6348,6869,870,559,311,10463,5415,5048,753,590,163,34401,17292,17109,1404,1222,182,11471,5503,5968,93,85,8,KARAIKAL,PONDICHERRY UT,1991
3505,1553,1952,185,64,121,3003,1290,1713,236,118,118,2371,1052,1319,197,115,82,7783,3501,4282,355,244,111,2761,1151,1610,34,29,5,MAHE,PONDICHERRY UT,1991
63698,31744,31954,4850,2783,2067,59897,30098,29799,5806,3766,2040,45021,24289,20732,4586,3395,1191,141362,74183,67179,8773,7095,1678,43088,20972,22116,861,740,121,PONDICHERRY DISTRICT,PONDICHERRY UT,1991
2006,942,1064,197,110,87,1970,1027,943,264,207,57,1446,781,665,164,133,31,4323,2222,2101,272,238,34,1120,496,624,18,18,0,YANAM,PONDICHERRY UT,1991
17284,8291,8993,3271,1438,1833,18273,8610,9663,4105,1843,2262,16532,7958,8574,3065,1542,1523,61544,30349,31195,6786,4474,2312,19447,8577,10870,748,657,91,KARAIKAL,PUDUCHERRY,2011
3313,1529,1784,881,276,605,3239,1325,1914,962,310,652,3341,1312,2029,674,196,478,13603,5981,7622,1474,719,755,5027,2157,2870,202,150,52,MAHE,PUDUCHERRY,2011
82560,38958,43602,20702,9814,10888,91022,42471,48551,25520,12158,13362,86425,42071,44354,19995,10427,9568,298092,150647,147445,44012,28632,15380,91433,40675,50758,5668,4408,1260,PUDUCHERRY,PUDUCHERRY,2011
5662,2509,3153,770,375,395,5710,2646,3064,856,439,417,4772,2420,2352,624,368,256,14336,7258,7078,1512,1096,416,4529,2010,2519,128,116,12,YANAM,PUDUCHERRY,2011
237005,125040,111965,15710,7440,8270,197976,105475,92501,13779,7649,6130,169430,87886,81544,10847,5870,4977,548333,289099,259234,27540,19230,8310,195090,107687,87403,2340,2060,280,AMRITSAR,PUNJAB,1991
291600,154826,136774,21225,8739,12486,239000,122859,116141,20853,9639,11214,220394,110094,110300,16581,8651,7930,719592,378644,340948,51366,31776,19590,272275,139059,133216,6640,5331,1309,AMRITSAR,PUNJAB,2001
252233,133665,118568,29639,12443,17196,225372,116275,109097,33231,13925,19306,188504,96536,91968,24072,10722,13350,674732,343880,330852,70160,36728,33432,240453,122333,118120,14862,10494,4368,AMRITSAR,PUNJAB,2011
59675,32383,27292,5732,2272,3460,52035,27145,24890,5642,2320,3322,45384,23422,21962,3696,1672,2024,161400,83436,77964,8092,4467,3625,65706,34111,31595,1282,1006,276,BARNALA,PUNJAB,2011
146056,77986,68070,5824,2814,3010,130773,67724,63049,5872,3090,2782,112451,57218,55233,5701,3620,2081,336618,178360,158258,11108,8480,2628,116517,63717,52800,510,460,50,BATHINDA,PUNJAB,1991
115467,61529,53938,7873,3325,4548,93162,48408,44754,6891,3226,3665,87205,44230,42975,5828,3090,2738,286746,153790,132956,17982,11793,6189,103052,51944,51108,1433,1206,227,BATHINDA,PUNJAB,2001
145158,79265,65893,17518,7599,9919,128113,68204,59909,19212,8877,10335,109612,57647,51965,12323,6009,6314,378552,198244,180308,27784,15746,12038,144826,72948,71878,4305,3343,962,BATHINDA,PUNJAB,2011
161237,84659,76578,8072,3540,4532,139753,72535,67218,6687,3513,3174,121631,62340,59291,5690,3400,2290,381122,202841,178281,12840,9300,3540,133562,71333,62229,880,750,130,FARIDKOT,PUNJAB,1991
52934,28225,24709,3482,1477,2005,42447,21697,20750,3007,1438,1569,40568,20372,20196,2540,1353,1187,131193,70017,61176,8267,5392,2875,49997,24803,25194,790,663,127,FARIDKOT,PUNJAB,2001
61641,32820,28821,6765,2736,4029,54170,28260,25910,7261,3170,4091,47533,24664,22869,4864,2352,2512,166188,85619,80569,11752,6701,5051,64962,32556,32406,2057,1555,502,FARIDKOT,PUNJAB,2011
52772,28596,24176,3542,1430,2112,44769,23754,21015,3336,1609,1727,39729,20125,19604,2561,1471,1090,131556,70527,61029,7152,4959,2193,49318,26022,23296,630,538,92,FATEHGARH SAHIB,PUNJAB,2001
61146,32752,28394,7762,2952,4810,55340,29049,26291,7995,3289,4706,46899,24476,22423,4910,2261,2649,168142,87564,80578,11614,6801,4813,62768,32110,30658,1674,1354,320,FATEHGARH SAHIB,PUNJAB,2011
150987,77681,73306,5920,2730,3190,133955,69695,64260,5130,2700,2430,113274,58408,54866,5240,3210,2030,321630,171796,149834,10060,7830,2230,113946,61260,52686,520,490,30,FIROZPUR,PUNJAB,1991
159069,84099,74970,8566,3923,4643,134265,69073,65192,7714,3883,3831,130156,65897,64259,6329,3486,2843,387322,207885,179437,17894,12016,5878,138075,68331,69744,1579,1294,285,FIROZPUR,PUNJAB,2001
206863,108332,98531,20827,9444,11383,179343,94003,85340,21746,10600,11146,152925,79541,73384,13121,6805,6316,513182,265137,248045,27802,16253,11549,190611,94432,96179,4245,3249,996,FIROZPUR,PUNJAB,2011
167935,84999,82936,10277,5490,4787,140249,71697,68552,8253,4463,3790,113155,56938,56217,6410,4050,2360,377708,198936,178772,14420,11360,3060,136253,74386,61867,940,860,80,GURDASPUR,PUNJAB,1991
199568,104865,94703,13086,5222,7864,167949,86042,81907,13800,6627,7173,151707,75592,76115,11183,6487,4696,494146,262610,231536,28386,19468,8918,193623,97159,96464,2944,2438,506,GURDASPUR,PUNJAB,2001
228261,118828,109433,27034,10462,16572,204328,104866,99462,28108,11413,16695,172023,88138,83885,17995,8118,9877,614364,314536,299828,44203,25916,18287,248267,124292,123975,7737,6012,1725,GURDASPUR,PUNJAB,2011
137262,71409,65853,8995,4670,4325,110224,55610,54614,7004,3860,3144,92444,45767,46677,5460,3390,2070,328539,171100,157439,13900,11329,2571,140782,75388,65394,1280,1180,100,HOSHIARPUR,PUNJAB,1991
138577,71654,66923,10852,4142,6710,113839,55977,57862,10505,4768,5737,98810,47486,51324,7528,4202,3326,365224,185161,180063,22614,15624,6990,157582,78277,79305,2731,2330,401,HOSHIARPUR,PUNJAB,2001
150142,75478,74664,20545,6707,13838,129117,61377,67740,21101,7897,13204,114288,54635,59653,13678,5878,7800,453677,224075,229602,34054,19848,14206,185488,92004,93484,7004,5616,1388,HOSHIARPUR,PUNJAB,2011
199751,106903,92848,19980,10140,9840,163068,83212,79856,16020,8810,7210,138951,68995,69956,12364,6944,5420,463337,243576,219761,29050,21580,7470,171129,91541,79588,2770,2510,260,JALANDHAR,PUNJAB,1991
193917,105314,88603,21924,8803,13121,162958,85106,77852,23524,10896,12628,144071,72786,71285,18844,10141,8703,497541,260789,236752,52898,32977,19921,179638,89679,89959,6453,5157,1296,JALANDHAR,PUNJAB,2001
219034,115162,103872,33365,12816,20549,197874,101215,96659,35411,14264,21147,170689,86548,84141,26967,11678,15289,639191,324968,314223,81157,43682,37475,223000,110539,112461,15207,10770,4437,JALANDHAR,PUNJAB,2011
65523,33419,32104,4830,2300,2530,54957,29117,25840,4060,2380,1680,45364,23793,21571,3230,2030,1200,139972,73769,66203,6641,5111,1530,52275,27685,24590,340,290,50,KAPURTHALA,PUNJAB,1991
70195,37088,33107,5996,2254,3742,59498,30003,29495,5936,2552,3384,55990,27297,28693,5095,2577,2518,183803,97036,86767,13036,8448,4588,72215,36616,35599,1367,1135,232,KAPURTHALA,PUNJAB,2001
78513,40779,37734,10064,3509,6555,68111,34771,33340,10065,3921,6144,59221,29836,29385,6509,2726,3783,234094,118240,115854,19503,10556,8947,86842,43678,43164,3212,2382,830,KAPURTHALA,PUNJAB,2011
244281,134024,110257,22790,10180,12610,221550,120945,100605,20470,10330,10140,185729,99529,86200,17770,10030,7740,560822,310125,250697,39150,27830,11320,180166,99121,81045,3240,2880,360,LUDHIANA,PUNJAB,1991
313327,178277,135050,32379,12878,19501,266452,147389,119063,33736,15618,18118,229121,121203,107918,26037,13103,12934,750261,408627,341634,75863,46211,29652,242922,125442,117480,8626,6827,1799,LUDHIANA,PUNJAB,2001
351563,190246,161317,58253,24271,33982,327726,171965,155761,64083,27163,36920,282330,146677,135653,46745,20871,25874,987178,515627,471551,124836,65586,59250,324796,167016,157780,22268,15631,6637,LUDHIANA,PUNJAB,2011
64083,33881,30202,2640,1156,1484,53697,27740,25957,2049,948,1101,50332,25375,24957,1766,967,799,156156,83135,73021,5038,3532,1506,64060,32210,31850,348,297,51,MANSA,PUNJAB,2001
76191,40670,35521,6943,3030,3913,62989,32719,30270,6452,3071,3381,56790,28949,27841,3880,1892,1988,198558,103523,95035,7624,4496,3128,91637,45812,45825,1178,949,229,MANSA,PUNJAB,2011
84422,44956,39466,4003,1490,2513,65346,33599,31747,3583,1567,2016,61415,30407,31008,2797,1388,1409,214929,113513,101416,8307,5220,3087,90890,46238,44652,938,756,182,MOGA,PUNJAB,2001
98637,52954,45683,9060,3122,5938,85373,44565,40808,8899,3447,5452,73146,37850,35296,5356,2283,3073,264704,136055,128649,12533,6611,5922,115744,58681,57063,2250,1643,607,MOGA,PUNJAB,2011
74597,39573,35024,4039,1804,2235,60547,30790,29757,3379,1660,1719,57047,28380,28667,2622,1356,1266,182674,96005,86669,7560,5159,2401,70268,34502,35766,716,616,100,MUKTSAR,PUNJAB,2001
88213,46755,41458,9381,4082,5299,78825,40522,38303,10042,4727,5315,70105,35975,34130,6089,3028,3061,239923,123255,116668,12377,7072,5305,94897,46357,48540,2045,1603,442,MUKTSAR,PUNJAB,2011
55461,29787,25674,3226,1252,1974,44708,22996,21712,3041,1529,1512,39997,19457,20540,2429,1524,905,144029,73866,70163,6232,4496,1736,62967,31434,31533,615,541,74,NAWANSHAHR,PUNJAB,2001
182735,94998,87737,14090,6750,7340,160542,83323,77219,11971,6631,5340,135659,69357,66302,11531,6830,4701,398640,214363,184277,23250,16880,6370,137829,77845,59984,1840,1660,180,PATIALA,PUNJAB,1991
181317,96665,84652,16881,7459,9422,152210,79371,72839,16155,7886,8269,137026,68361,68665,12454,6498,5956,440921,235279,205642,40788,25568,15220,154073,78854,75219,5091,4023,1068,PATIALA,PUNJAB,2001
196371,102221,94150,30905,13346,17559,175792,91511,84281,30631,13901,16730,148002,76094,71908,20976,10017,10959,515551,264974,250577,56957,30826,26131,188626,94879,93747,11779,8235,3544,PATIALA,PUNJAB,2011
86324,45642,40682,6640,3080,3560,77885,40920,36965,7030,3850,3180,63897,32910,30987,6110,3760,2350,208238,112286,95952,13914,10114,3800,75800,43400,32400,1380,1250,130,RUPNAGAR,PUNJAB,1991
104253,56288,47965,10263,4318,5945,92409,47707,44702,12379,5815,6564,83003,41995,41008,9922,5325,4597,276549,148121,128428,30032,19205,10827,103926,54146,49780,4524,3731,793,RUPNAGAR,PUNJAB,2001
67606,34964,32642,9727,3873,5854,58265,29526,28739,9541,4062,5479,50432,25213,25219,5848,2706,3142,192629,98867,93762,14893,8669,6224,74070,36982,37088,2281,1797,484,RUPNAGAR,PUNJAB,2011
98083,51551,46532,18815,8670,10145,95175,48146,47029,24014,10831,13183,85030,43532,41498,20011,9868,10143,274833,143404,131429,48149,26980,21169,93255,49009,44246,12272,8901,3371,SAHIBZADA AJIT SINGH NAGAR,PUNJAB,2011
158137,82822,75315,6770,3340,3430,143398,76411,66987,6070,3440,2630,122359,63279,59080,5620,3620,2000,376192,201339,174853,11130,8700,2430,136710,76320,60390,590,520,70,SANGRUR,PUNJAB,1991
187592,100351,87241,10604,4526,6078,152366,79753,72613,9294,4468,4826,142583,70702,71881,7308,3998,3310,483026,256176,226850,21999,15102,6897,186812,96975,89837,2066,1741,325,SANGRUR,PUNJAB,2001
169309,89966,79343,18149,7753,10396,143845,74942,68903,17198,7806,9392,120595,61758,58837,11219,5445,5774,443492,227480,216012,25544,15126,10418,182682,93625,89057,4185,3332,853,SANGRUR,PUNJAB,2011
59848,30444,29404,6292,1875,4417,50371,24646,25725,5603,2026,3577,43785,21455,22330,3528,1542,1986,174009,86640,87369,9618,6037,3581,73821,36020,37801,1588,1289,299,SHAHID BHAGAT SINGH NAGAR,PUNJAB,2011
108149,56296,51853,5799,2218,3581,91697,46698,44999,5680,2448,3232,79246,39587,39659,3248,1507,1741,281931,142190,139741,7726,4651,3075,113366,56278,57088,1544,1242,302,TARN TARAN,PUNJAB,2011
151872,78386,73486,13110,7480,5630,142893,72806,70087,12000,7660,4340,123571,64690,58881,9030,6310,2720,378479,198526,179953,21240,17110,4130,116407,55759,60648,2390,2070,320,AJMER,RAJASTHAN,1991
187512,98842,88670,18617,10272,8345,164413,84536,79877,19168,11392,7776,149668,75644,74024,14994,9352,5642,501022,261670,239352,40394,28713,11681,155711,70589,85122,5604,4697,907,AJMER,RAJASTHAN,2001
245003,126630,118373,24798,12615,12183,210386,109194,101192,27874,15058,12816,181844,92262,89582,20953,11829,9124,641502,325850,315652,56088,36004,20084,194645,88608,106037,9780,7651,2129,AJMER,RAJASTHAN,2011
192770,99110,93660,9888,6808,3080,176207,92268,83939,9340,7260,2080,146876,75868,71008,7640,6170,1470,437415,232670,204745,13974,12234,1740,148094,80727,67367,1060,970,90,ALWAR,RAJASTHAN,1991
252390,135206,117184,16232,11719,4513,224490,117318,107172,16794,12710,4084,199881,100939,98942,12284,9620,2664,576336,304605,271731,26526,22374,4152,203154,103146,100008,2770,2583,187,ALWAR,RAJASTHAN,2001
354971,189076,165895,45889,29006,16883,292634,154320,138314,42649,28466,14183,253623,129330,124293,28540,20145,8395,802096,417196,384900,63466,49543,13923,270418,134699,135719,7988,7041,947,ALWAR,RAJASTHAN,2011
93005,44929,48076,1780,1170,610,97635,47670,49965,2240,1700,540,85761,43834,41927,1882,1462,420,224868,118291,106577,3530,2970,560,61047,29470,31577,130,130,0,BANSWARA,RAJASTHAN,1991
118101,59229,58872,4830,3434,1396,109178,54079,55099,4826,3462,1364,103145,51579,51566,3599,2652,947,284101,147222,136879,7555,5926,1629,84061,38536,45525,706,649,57,BANSWARA,RAJASTHAN,2001
154555,78511,76044,9077,5614,3463,129515,65123,64392,9867,6482,3385,117899,59083,58816,7832,5402,2430,388983,197633,191350,14396,10651,3745,115886,53065,62821,1616,1377,239,BANSWARA,RAJASTHAN,2011
83603,43318,40285,3866,2784,1082,77484,39885,37599,4095,3058,1037,70955,35881,35074,3471,2748,723,208211,110775,97436,6784,5892,892,71340,34617,36723,504,487,17,BARAN,RAJASTHAN,2001
120005,62696,57309,10060,6626,3434,95943,50495,45448,9464,6653,2811,83931,42301,41630,6178,4536,1642,277018,144432,132586,12853,10435,2418,98495,47312,51183,1157,1061,96,BARAN,RAJASTHAN,2011
108767,54977,53790,1370,1100,270,115510,59660,55850,2190,1960,230,98336,51414,46922,1790,1610,180,288223,154452,133771,2549,2330,219,91290,44120,47170,170,160,10,BARMER,RAJASTHAN,1991
159006,85879,73127,4237,3431,806,137296,71615,65681,4954,4107,847,119945,61958,57987,3581,3099,482,386679,203302,183377,6392,5834,558,128579,61065,67514,400,384,16,BARMER,RAJASTHAN,2001
220757,121144,99613,8089,5741,2348,189175,99248,89927,9175,6935,2240,164808,85773,79035,7258,5796,1462,514497,267584,246913,12148,10622,1526,174800,82850,91950,997,922,75,BARMER,RAJASTHAN,2011
139223,74120,65103,7060,5050,2010,124691,66930,57761,6600,5130,1470,103377,52607,50770,5020,4160,860,321074,172254,148820,9106,8140,966,100405,56425,43980,600,550,50,BHARATPUR,RAJASTHAN,1991
172493,95022,77471,7911,5503,2408,150454,79886,70568,7894,6053,1841,135773,68587,67186,5979,4673,1306,400831,213060,187771,14254,12061,2193,137861,71311,66550,1528,1436,92,BHARATPUR,RAJASTHAN,2001
239516,130353,109163,26013,17004,9009,186814,99660,87154,22829,15931,6898,162300,83223,79077,14847,10832,4015,534075,279097,254978,36573,29540,7033,179114,89954,89160,4689,4294,395,BHARATPUR,RAJASTHAN,2011
130242,64919,65323,5300,3340,1960,128190,64534,63656,5547,3830,1717,115375,59984,55391,3950,3130,820,372233,196890,175343,7950,6870,1080,117601,57341,60260,590,560,30,BHILWARA,RAJASTHAN,1991
159784,80488,79296,9438,5770,3668,151810,75906,75904,10558,6851,3707,143943,72569,71374,8382,5877,2505,455824,238099,217725,18183,14415,3768,155894,72389,83505,1641,1532,109,BHILWARA,RAJASTHAN,2001
219337,112481,106856,15161,8485,6676,183823,93530,90293,16878,9946,6932,169240,85030,84210,13173,8204,4969,593483,301272,292211,30600,21827,8773,191776,87799,103977,3670,3198,472,BHILWARA,RAJASTHAN,2011
106864,56430,50434,6150,4080,2070,99864,53460,46404,6280,4690,1590,82190,44377,37813,5685,4190,1495,220564,119389,101175,12050,9930,2120,67963,34061,33902,1010,940,70,BIKANER,RAJASTHAN,1991
154535,84297,70238,9758,6195,3563,128156,66452,61704,9570,6306,3264,110776,57688,53088,7119,4923,2196,326188,175007,151181,19544,14927,4617,96537,47549,48988,2241,1960,281,BIKANER,RAJASTHAN,2001
225375,120384,104991,19909,11550,8359,193168,101466,91702,21674,13224,8450,161461,84014,77447,15616,10074,5542,494879,258737,236142,35041,25084,9957,149096,72917,76179,5634,4618,1016,BIKANER,RAJASTHAN,2011
65243,32898,32345,2190,1540,650,61769,31881,29888,2050,1590,460,53182,28172,25010,1580,1200,380,162111,87873,74238,2980,2600,380,44186,23136,21050,200,190,10,BUNDI,RAJASTHAN,1991
80331,41840,38491,3879,2578,1301,72738,38046,34692,4013,2953,1060,66214,33484,32730,3066,2315,751,204172,108487,95685,6357,5266,1091,63780,30335,33445,592,552,40,BUNDI,RAJASTHAN,2001
109567,57570,51997,9116,5898,3218,88912,46627,42285,9124,6030,3094,77340,39197,38143,5813,4073,1740,265969,137356,128613,12019,9370,2649,80297,38081,42216,1273,1124,149,BUNDI,RAJASTHAN,2011
123627,60633,62994,3840,2620,1220,114868,57270,57598,4077,3100,977,110566,56692,53874,4170,3350,820,339735,178575,161160,7060,6070,990,106361,54020,52341,350,330,20,CHITTAURGARH,RAJASTHAN,1991
154018,76449,77569,7518,4543,2975,140082,69511,70571,8071,5318,2753,134006,66827,67179,6677,4720,1957,420541,216897,203644,14479,11610,2869,137158,65499,71659,1365,1281,84,CHITTAURGARH,RAJASTHAN,2001
141273,71547,69726,10057,5392,4665,121560,61334,60226,12258,7303,4955,114735,57151,57584,8914,5628,3286,400315,203111,197204,19981,14324,5657,142250,66255,75995,2570,2284,286,CHITTAURGARH,RAJASTHAN,2011
136890,67370,69520,4270,3410,860,118854,58757,60097,3880,3340,540,96270,49591,46679,3450,3010,440,268950,139248,129702,6010,5520,490,94812,45032,49780,420,390,30,CHURU,RAJASTHAN,1991
164634,82556,82078,4641,3448,1193,139955,68160,71795,4675,3750,925,124873,61493,63380,3600,3067,533,359299,183912,175387,7869,7133,736,125311,57391,67920,727,697,30,CHURU,RAJASTHAN,2001
195969,104564,91405,15900,9804,6096,157076,80067,77009,13373,9053,4320,139037,68443,70594,8422,6087,2335,443970,223975,219995,18100,15231,2869,147894,68009,79885,2523,2317,206,CHURU,RAJASTHAN,2011
108281,56842,51439,6850,5647,1203,94765,49119,45646,7076,6093,983,86318,42919,43399,5042,4430,612,254233,133846,120387,9069,8331,738,87060,44078,42982,787,766,21,DAUSA,RAJASTHAN,2001
152129,81011,71118,18781,13903,4878,122197,64470,57727,17076,13570,3506,107345,54016,53329,10519,8666,1853,345878,179254,166624,20680,18405,2275,115612,57764,57848,1773,1657,116,DAUSA,RAJASTHAN,2011
79191,43497,35694,2405,1717,688,69340,37443,31897,2667,2069,598,62022,32161,29861,2220,1806,414,178686,96251,82435,4832,4147,685,55751,29192,26559,437,403,34,DHAULPUR,RAJASTHAN,2001
109563,61297,48266,7852,5223,2629,86885,46849,40036,6678,4751,1927,76360,39529,36831,4462,3332,1130,237410,125907,111503,11257,9305,1952,76011,38481,37530,1322,1200,122,DHAULPUR,RAJASTHAN,2011
62926,32883,30043,2070,1570,500,57339,31372,25967,2060,1740,320,47769,25314,22455,1610,1420,190,142381,78282,64099,2810,2460,350,45262,26090,19172,180,180,0,DHOLPUR,RAJASTHAN,1991
73000,33886,39114,1540,1180,360,71576,34464,37112,1760,1450,310,64200,31550,32650,1770,1570,200,179059,93951,85108,2540,2430,110,47639,23040,24599,190,180,10,DUNGARPUR,RAJASTHAN,1991
84824,39355,45469,3295,2424,871,75742,35530,40212,3434,2641,793,73436,34560,38876,2594,2077,517,211896,107097,104799,5162,4420,742,71982,33209,38773,450,436,14,DUNGARPUR,RAJASTHAN,2001
111791,55505,56286,7716,4721,2995,95247,46526,48721,7654,4899,2755,91169,44129,47040,5891,4071,1820,310134,154877,155257,11051,8756,2295,108314,49915,58399,1170,1043,127,DUNGARPUR,RAJASTHAN,2011
247141,129317,117824,9630,6450,3180,230573,121622,108951,10720,7750,2970,186509,101417,85092,7965,6210,1755,473727,256761,216966,14285,12270,2015,154102,82432,71670,740,670,70,GANGANAGAR,RAJASTHAN,1991
167119,90262,76857,9185,5488,3697,144605,75785,68820,9347,5914,3433,134779,69712,65067,7944,5367,2577,378248,205251,172997,18162,14105,4057,114560,57033,57527,1441,1306,135,GANGANAGAR,RAJASTHAN,2001
197601,105612,91989,24104,12630,11474,170917,91594,79323,22873,13223,9650,148955,78059,70896,14119,8569,5550,484304,252376,231928,31038,21566,9472,152436,74231,78205,4006,3318,688,GANGANAGAR,RAJASTHAN,2011
139058,74096,64962,5435,3909,1526,122179,62602,59577,5165,3961,1204,113076,56893,56183,4048,3239,809,311901,164596,147305,8568,7438,1130,95015,47403,47612,629,590,39,HANUMANGARH,RAJASTHAN,2001
174008,94057,79951,18195,10645,7550,146777,77259,69518,15493,10224,5269,131818,66929,64889,9221,6495,2726,435159,224354,210805,18807,14952,3855,128498,62053,66445,2074,1816,258,HANUMANGARH,RAJASTHAN,2011
421809,221330,200479,38706,24826,13880,378016,195329,182687,38590,26850,11740,317618,166880,150738,31100,23200,7900,934789,503690,431099,62730,50140,12590,272600,139610,132990,6290,5810,480,JAIPUR,RAJASTHAN,1991
486594,261331,225263,59861,37485,22376,423349,219924,203425,65723,41919,23804,367590,189227,178363,51592,34423,17169,1081591,574159,507432,130476,95369,35107,318758,155085,163673,17742,15029,2713,JAIPUR,RAJASTHAN,2001
662055,347476,314579,147956,89896,58060,572349,294603,277746,142410,85816,56594,499282,253751,245531,101916,62681,39235,1576125,821717,754408,259610,175723,83887,455130,222546,232584,44044,34390,9654,JAIPUR,RAJASTHAN,2011
28190,15539,12651,720,570,150,29423,16368,13055,1160,1000,160,24655,13846,10809,850,790,60,68375,38274,30101,1344,1214,130,19825,10160,9665,50,50,0,JAISALMER,RAJASTHAN,1991
43407,24181,19226,1418,1108,310,38160,20740,17420,1929,1456,473,33003,18200,14803,1578,1279,299,99416,54993,44423,3163,2811,352,30399,15049,15350,138,133,5,JAISALMER,RAJASTHAN,2001
58687,32020,26667,2444,1739,705,53103,28691,24412,3189,2353,836,45094,24211,20883,2617,2027,590,133398,71642,61756,4687,3947,740,41779,20513,21266,378,353,25,JAISALMER,RAJASTHAN,2011
85634,40824,44810,930,770,160,85284,42670,42614,1460,1310,150,73102,37470,35632,1050,890,160,230520,117942,112578,2118,1940,178,76488,36968,39520,140,140,0,JALOR,RAJASTHAN,1991
107847,51883,55964,2136,1783,353,97198,47161,50037,2540,2171,369,90931,44226,46705,2067,1850,217,289949,148071,141878,4258,3910,348,96767,45020,51747,276,267,9,JALOR,RAJASTHAN,2001
153320,79244,74076,5012,3726,1286,127666,64469,63197,5286,4267,1019,115532,57065,58467,3687,3101,586,389218,197287,191931,7042,6333,709,135227,63144,72083,686,643,43,JALOR,RAJASTHAN,2011
80452,40482,39970,2310,1610,700,75208,37958,37250,2649,2030,619,65657,33990,31667,2060,1720,340,204305,107921,96384,2930,2570,360,67604,34893,32711,80,70,10,JHALAWAR,RAJASTHAN,1991
95302,49152,46150,3904,2618,1286,87415,44133,43282,4248,3027,1221,84683,42466,42217,3619,2707,912,254983,134289,120694,7315,6032,1283,91549,45451,46098,663,625,38,JHALAWAR,RAJASTHAN,2001
132597,68618,63979,8757,5669,3088,110159,56248,53911,9131,6104,3027,101758,50873,50885,6432,4488,1944,335794,173416,162378,13939,10732,3207,122232,58864,63368,1491,1332,159,JHALAWAR,RAJASTHAN,2011
131257,65638,65619,7420,6120,1300,113824,55376,58448,5890,5070,820,95085,47742,47343,4620,4100,520,302194,153878,148316,10022,8849,1173,102485,49970,52515,620,580,40,JHUNJHUNUN,RAJASTHAN,1991
161302,83750,77552,8465,6043,2422,135066,64523,70543,7593,5787,1806,122382,57623,64759,5429,4444,985,385087,190986,194101,12289,11011,1278,140671,65143,75528,1200,1162,38,JHUNJHUNUN,RAJASTHAN,2001
213012,112035,100977,34848,19285,15563,164047,81439,82608,27921,16904,11017,142492,68383,74109,16046,10914,5132,502594,244857,257737,32820,26917,5903,179164,82817,96347,4453,4198,255,JHUNJHUNUN,RAJASTHAN,2011
182109,94926,87183,11710,7410,4300,175840,93769,82071,11470,7680,3790,148260,78410,69850,9210,6520,2690,426568,226773,199795,20918,17168,3750,132355,64369,67986,2180,2010,170,JODHPUR,RAJASTHAN,1991
248330,133060,115270,18203,11413,6790,212600,108468,104132,19807,12823,6984,191127,97556,93571,15791,10643,5148,589145,311522,277623,42319,31383,10936,185021,87950,97071,5312,4670,642,JODHPUR,RAJASTHAN,2001
339183,180125,159058,38631,23395,15236,298834,154349,144485,39168,23658,15510,259119,133456,125663,29242,18556,10686,808418,419107,389311,71646,49422,22224,258065,122677,135388,11901,9622,2279,JODHPUR,RAJASTHAN,2011
94250,51074,43176,3604,3105,499,84798,44711,40087,3931,3458,473,76670,38829,37841,2844,2542,302,228202,121265,106937,5380,4967,413,81808,41588,40220,455,446,9,KARAULI,RAJASTHAN,2001
136903,76349,60554,13481,10146,3335,108604,58998,49606,12482,9817,2665,92964,47846,45118,8013,6667,1346,300616,157195,143421,16496,14739,1757,109150,54149,55001,1521,1420,101,KARAULI,RAJASTHAN,2011
177473,91730,85743,11690,7190,4500,167271,85873,81398,12112,8112,4000,141149,74387,66762,10990,7890,3100,421764,227841,193923,18770,14920,3850,112165,58015,54150,1450,1340,110,KOTA,RAJASTHAN,1991
145440,76653,68787,15294,8508,6786,127727,65798,61929,16045,9421,6624,112147,57114,55033,12507,7820,4687,349273,187305,161968,33523,23642,9881,96100,47273,48827,3873,3323,550,KOTA,RAJASTHAN,2001
208494,109278,99216,30374,16302,14072,175056,91454,83602,34419,19381,15038,147298,75756,71542,23370,13493,9877,483903,252266,231637,59476,38073,21403,140091,68756,71335,8659,6763,1896,KOTA,RAJASTHAN,2011
185090,89680,95410,4180,3470,710,165713,83652,82061,4680,4270,410,136206,68385,67821,3630,3320,310,420426,216233,204193,6460,5940,520,142857,69260,73597,320,300,20,NAGAUR,RAJASTHAN,1991
226006,114590,111416,8816,7022,1794,200231,98503,101728,9292,7835,1457,186285,92321,93964,7279,6289,990,545127,282252,262875,14282,13152,1130,194757,89302,105455,1317,1271,46,NAGAUR,RAJASTHAN,2001
311311,163089,148222,24669,17307,7362,254215,129837,124378,20475,15185,5290,222768,110590,112178,13636,10930,2706,741241,376036,365205,25979,22843,3136,253603,115412,138191,2964,2790,174,NAGAUR,RAJASTHAN,2011
106910,50289,56621,3110,2420,690,107420,50658,56762,3770,3140,630,98789,48630,50159,2830,2460,370,329030,168919,160111,5521,5041,480,114766,54845,59921,350,330,20,PALI,RAJASTHAN,1991
131820,64159,67661,6331,4741,1590,119308,56937,62371,6657,5201,1456,116432,55833,60599,5536,4493,1043,407058,207067,199991,12413,10959,1454,145975,66669,79306,1188,1141,47,PALI,RAJASTHAN,2001
168425,84822,83603,11951,7565,4386,134520,66996,67524,11401,7806,3595,125591,61300,64291,8712,6484,2228,498154,248515,249639,20027,16532,3495,187075,86028,101047,2586,2403,183,PALI,RAJASTHAN,2011
77513,38823,38690,3556,2285,1271,65403,32807,32596,3839,2690,1149,60804,30514,30290,2783,1935,848,197599,99947,97652,5160,4059,1101,62006,29058,32948,630,567,63,PRATAPGARH,RAJASTHAN,2011
75194,35795,39399,3012,1927,1085,70148,33375,36773,3412,2307,1105,66776,32103,34673,2800,2066,734,229456,115958,113498,6166,5106,1060,83024,39299,43725,700,668,32,RAJSAMAND,RAJASTHAN,2001
99476,49965,49511,6628,3667,2961,82614,41112,41502,7013,4287,2726,78121,38113,40008,5055,3284,1771,281669,140253,141416,10743,8016,2727,108977,50541,58436,1504,1374,130,RAJSAMAND,RAJASTHAN,2011
161815,83310,78505,6200,5010,1190,150469,78821,71648,6845,6140,705,128419,65460,62959,4990,4460,530,404193,218557,185636,7140,6660,480,114197,61719,52478,470,430,40,SAWAI MADHOPUR,RAJASTHAN,1991
92349,49480,42869,5998,4584,1414,80941,42453,38488,6560,5403,1157,74389,37587,36802,5119,4327,792,225695,119520,106175,9519,8549,970,75472,37437,38035,933,885,48,SAWAI MADHOPUR,RAJASTHAN,2001
128967,69830,59137,14554,10529,4025,104142,55724,48418,14138,10700,3438,90989,46187,44802,8894,6955,1939,302355,158086,144269,19319,16679,2640,99127,48224,50903,1824,1685,139,SAWAI MADHOPUR,RAJASTHAN,2011
152920,73772,79148,5974,4934,1040,131873,63543,68330,5750,5130,620,111811,56497,55314,4530,4170,360,344344,173352,170992,8150,7670,480,117982,55888,62094,590,590,0,SIKAR,RAJASTHAN,1991
191347,97994,93353,11223,8690,2533,160627,77856,82771,11108,9112,1996,144291,68479,75812,8378,7136,1242,444257,222625,221632,18220,16627,1593,160957,73538,87419,1916,1846,70,SIKAR,RAJASTHAN,2001
270760,141689,129071,38358,23999,14359,206101,104531,101570,29549,20502,9047,177605,86246,91359,16746,12652,4094,601430,297608,303822,33764,29285,4479,207193,94167,113026,4214,3972,242,SIKAR,RAJASTHAN,2011
49961,23843,26118,1760,1210,550,49196,24100,25096,2130,1490,640,44164,22040,22124,1560,1170,390,144702,74959,69743,3090,2700,390,42290,20610,21680,300,260,40,SIROHI,RAJASTHAN,1991
67223,33721,33502,2766,1924,842,62835,31246,31589,3287,2234,1053,56891,28644,28247,2978,2186,792,185971,95460,90511,6431,5209,1222,55609,25526,30083,657,600,57,SIROHI,RAJASTHAN,2001
88960,46041,42919,4676,2949,1727,75036,38350,36686,5286,3556,1730,68765,34460,34305,4061,2815,1246,245160,124767,120393,10156,7749,2407,72727,33611,39116,1303,1136,167,SIROHI,RAJASTHAN,2011
81212,40160,41052,3000,1940,1060,75681,38664,37017,3510,2880,630,64111,33082,31029,2156,1826,330,206271,109265,97006,3830,3290,540,64734,33061,31673,240,220,20,TONK,RAJASTHAN,1991
100019,51199,48820,5685,3658,2027,87996,45175,42821,5775,4398,1377,80816,40388,40428,4453,3650,803,253872,133015,120857,8576,7454,1122,87418,41141,46277,776,728,48,TONK,RAJASTHAN,2001
139158,71106,68052,14314,8481,5833,110159,57215,52944,12242,8526,3716,97246,49202,48044,8423,6171,2252,333739,170936,162803,16686,13744,2942,108614,50210,58404,1663,1462,201,TONK,RAJASTHAN,2011
231386,109965,121421,10760,6550,4210,227448,110120,117328,11710,7870,3840,208809,105529,103280,9790,6860,2930,645074,336901,308173,19940,16260,3680,192353,100140,92213,1600,1510,90,UDAIPUR,RAJASTHAN,1991
218056,105743,112313,16083,9604,6479,206137,101013,105124,16992,10369,6623,187928,93697,94231,13016,8379,4637,580897,300695,280202,35184,25006,10178,182233,90112,92121,4360,3832,528,UDAIPUR,RAJASTHAN,2001
266253,134535,131718,24112,13047,11065,235460,118474,116986,29042,16203,12839,215390,108147,107243,22546,13063,9483,728495,371445,357050,56471,36243,20228,246436,119553,126883,10375,8216,2159,UDAIPUR,RAJASTHAN,2011
27042,15006,12036,1585,828,757,23421,12561,10860,2339,1364,975,19352,10974,8378,1770,1168,602,54170,31696,22474,4129,3032,1097,12505,7079,5426,250,208,42,EAST,SIKKIM,2001
18433,9888,8545,867,541,326,16391,8709,7682,1119,734,385,12684,6937,5747,894,617,277,34152,20395,13757,1668,1320,348,7322,4194,3128,92,75,17,EAST DISTRICT,SIKKIM,1991
32149,16768,15381,3527,1674,1853,32428,17850,14578,5895,3017,2878,26281,14747,11534,3681,2076,1605,73708,40976,32732,7498,5127,2371,17821,9751,8070,662,499,163,EAST DISTRICT,SIKKIM,2011
3979,2445,1534,58,33,25,3797,2251,1546,150,115,35,3382,2177,1205,150,124,26,8843,5550,3293,236,203,33,1658,984,674,7,7,0,NORTH,SIKKIM,2001
4983,2918,2065,276,149,127,5086,3089,1997,479,269,210,3794,2446,1348,283,193,90,10501,6279,4222,406,322,84,2266,1275,991,14,11,3,NORTH  DISTRICT,SIKKIM,2011
2884,1528,1356,29,18,11,3055,1711,1344,80,62,18,2181,1283,898,52,40,12,5849,3558,2291,106,93,13,1310,776,534,2,2,0,NORTH DISTRICT,SIKKIM,1991
12749,6396,6353,420,230,190,10812,5336,5476,618,386,232,8715,4519,4196,452,329,123,27235,15224,12011,769,633,136,7641,4291,3350,33,31,2,SOUTH,SIKKIM,2001
9194,4754,4440,131,83,48,8332,4315,4017,192,131,61,6566,3543,3023,137,102,35,18755,10839,7916,268,237,31,5043,2859,2184,13,11,2,SOUTH DISTRICT,SIKKIM,1991
15829,8291,7538,1140,552,588,14205,7236,6969,1769,889,880,11780,6154,5626,1063,608,455,35782,19248,16534,1697,1243,454,10738,5980,4758,113,94,19,SOUTH DISTRICT,SIKKIM,2011
11401,5720,5681,247,166,81,9522,4816,4706,354,263,91,7704,3980,3724,268,196,72,25398,13801,11597,473,414,59,7236,4037,3199,21,19,2,WEST,SIKKIM,2001
8757,4482,4275,100,62,38,7854,3914,3940,149,108,41,6329,3345,2984,117,95,22,18722,10482,8240,178,162,16,4833,2779,2054,9,8,1,WEST DISTRICT,SIKKIM,1991
14336,7169,7167,925,467,458,12920,6525,6395,1402,817,585,10370,5215,5155,716,427,289,31623,16714,14909,1019,783,236,9927,5466,4461,62,48,14,WEST DISTRICT,SIKKIM,2011
58228,28703,29525,3092,1720,1372,62580,28900,33680,3468,2215,1253,50329,24651,25678,2455,1725,730,193785,95442,98343,5132,4332,800,63633,33107,30526,533,481,52,ARIYALUR,TAMIL NADU,2001
61482,30236,31246,8389,4327,4062,63182,29390,33792,8709,4838,3871,55651,26736,28915,4922,2821,2101,230312,111134,119178,9715,6998,2717,87911,44275,43636,1398,1260,138,ARIYALUR,TAMIL NADU,2011
463058,233273,229785,31715,17885,13830,425789,208985,216804,29660,18740,10920,335344,173836,161508,21570,15570,6000,1145300,597681,547619,46690,36850,9840,308898,156600,152298,4700,4080,620,CHENGAIANNA,TAMIL NADU,1991
452191,224627,227564,93588,47776,45812,444743,220147,224596,105183,56435,48748,366428,191662,174766,80079,46048,34031,1175953,616731,559222,204421,133429,70992,350826,173462,177364,37145,29319,7826,CHENNAI,TAMIL NADU,2001
432978,210171,222807,143337,68490,74847,474939,229283,245656,179266,88297,90969,421267,212410,208857,141702,74927,66775,1489686,760381,729305,344716,203646,141070,457228,222031,235197,70028,51693,18335,CHENNAI,TAMIL NADU,2011
132805,59683,73122,9140,4310,4830,117162,55189,61973,7121,4331,2790,88855,43390,45465,5010,3610,1400,367462,179803,187659,12560,9170,3390,122001,60417,61584,1130,850,280,CHIDAMBARANAR,TAMIL NADU,1991
359027,177185,181842,24935,12196,12739,359705,179611,180094,24010,14280,9730,277207,145007,132200,17750,11840,5910,971497,510359,461138,36680,28620,8060,282776,149117,133659,2537,2247,290,COIMBATORE,TAMIL NADU,1991
406927,200791,206136,26008,11939,14069,429737,209065,220672,25371,12524,12847,360715,187564,173151,19079,11110,7969,1272776,661558,611218,42098,29328,12770,391497,197719,193778,4612,3706,906,COIMBATORE,TAMIL NADU,2001
283417,135379,148038,73797,34231,39566,316319,152371,163948,81740,38687,43053,294996,147341,147655,60512,29572,30940,1188631,600580,588051,140774,81365,59409,391332,191928,199404,21875,16819,5056,COIMBATORE,TAMIL NADU,2011
209172,104250,104922,13622,6981,6641,209680,99101,110579,14509,8406,6103,169711,84048,85663,11538,7552,3986,617988,312966,305022,24845,19982,4863,181559,93944,87615,2058,1838,220,CUDDALORE,TAMIL NADU,2001
236176,116581,119595,41449,21867,19582,240998,116237,124761,38330,20949,17381,203651,101636,102015,24495,13946,10549,793505,396536,396969,58723,39930,18793,241130,120245,120885,6777,5791,986,CUDDALORE,TAMIL NADU,2011
214652,102523,112129,6160,3940,2220,217504,104990,112514,5660,4240,1420,168276,85400,82876,4130,3290,840,576371,304591,271780,8300,7040,1260,168057,91655,76402,300,250,50,DHARMAPURI,TAMIL NADU,1991
254888,130080,124808,14591,8868,5723,261019,124668,136351,15462,9769,5693,209560,103914,105646,10614,7080,3534,734973,381035,353938,19704,15377,4327,224075,113056,111019,1441,1247,194,DHARMAPURI,TAMIL NADU,2001
134973,70001,64972,18527,10958,7569,136058,67769,68289,17131,10455,6676,114319,57521,56798,10951,6908,4043,446930,223943,222987,18593,13081,5512,140615,68235,72380,1908,1615,293,DHARMAPURI,TAMIL NADU,2011
168764,82648,86116,10249,5322,4927,175265,82659,92606,10012,5514,4498,145812,72433,73379,7163,4447,2716,553919,278904,275015,16224,12070,4154,175032,88914,86118,1708,1338,370,DINDIGUL,TAMIL NADU,2001
183483,90175,93308,25936,13068,12868,195079,95094,99985,25201,13275,11926,169992,83993,85999,16171,8587,7584,685011,338030,346981,35503,22653,12850,236331,117230,119101,4446,3632,814,DINDIGUL,TAMIL NADU,2011
168484,80729,87755,6820,3630,3190,157558,76290,81268,6357,4120,2237,123483,62500,60983,4920,3760,1160,476411,241506,234905,9910,7910,2000,129715,69590,60125,670,500,170,DINDIGULQUAIDEMILLETH,TAMIL NADU,1991
222396,110458,111938,16517,8365,8152,232232,110457,121775,15670,9032,6638,200930,100394,100536,11053,7151,3902,830319,422650,407669,24072,18714,5358,287089,147014,140075,2009,1729,280,ERODE,TAMIL NADU,2001
178901,88437,90464,36251,18160,18091,193843,94572,99271,36851,19661,17190,180752,90174,90578,24772,13706,11066,772198,382381,389817,49300,32370,16930,290671,144509,146162,6096,5176,920,ERODE,TAMIL NADU,2011
147240,70675,76565,8250,4870,3380,139103,67392,71711,6740,4680,2060,107018,53676,53342,5182,3952,1230,398313,200544,197769,11470,9240,2230,113446,56829,56617,580,490,90,KAMARAJAR,TAMIL NADU,1991
288917,145143,143774,25144,13195,11949,278989,135359,143630,27032,14954,12078,221418,113751,107667,19660,11946,7714,768748,393956,374792,41964,29935,12029,233860,116152,117708,5327,4451,876,KANCHEEPURAM,TAMIL NADU,2001
391229,190782,200447,88192,41996,46196,413118,199667,213451,112142,54748,57394,351246,180567,170679,85757,48011,37746,1199820,607852,591968,161065,100987,60078,365113,179295,185818,25450,20140,5310,KANCHEEPURAM,TAMIL NADU,2011
156966,77841,79125,14390,5910,8480,140454,70281,70173,12621,7090,5531,109155,55381,53774,8010,5130,2880,397980,202179,195801,22276,15780,6496,131491,66861,64630,1970,1560,410,KANNIYAKUMARI,TAMIL NADU,1991
165621,80857,84764,13838,4868,8970,154267,74098,80169,14836,6142,8694,124675,62069,62606,10234,5205,5029,471195,233783,237412,25932,16913,9019,164498,81737,82761,3589,2824,765,KANNIYAKUMARI,TAMIL NADU,2001
155169,75556,79613,36977,14418,22559,166079,80272,85807,35855,14848,21007,154029,76152,77877,23406,9700,13706,600799,295509,305290,57956,31457,26499,227569,111030,116539,11531,8645,2886,KANNIYAKUMARI,TAMIL NADU,2011
81209,39727,41482,6442,3425,3017,83564,39153,44411,6932,4122,2810,71350,35270,36080,4940,3360,1580,288253,141647,146606,9246,7373,1873,96910,48151,48759,758,655,103,KARUR,TAMIL NADU,2001
85577,41990,43587,14495,7271,7224,92768,44514,48254,14687,7778,6909,84281,41804,42477,9970,5585,4385,346181,168354,177827,19645,13366,6279,132026,63741,68285,2128,1822,306,KARUR,TAMIL NADU,2011
178359,89753,88606,20418,11101,9317,176359,86273,90086,20088,10648,9440,147871,74429,73442,14436,8117,6319,534660,271982,262678,25852,17039,8813,161890,80776,81114,2476,2052,424,KRISHNAGIRI,TAMIL NADU,2011
427473,216330,211143,58160,30600,27560,393720,200140,193580,60720,34980,25740,311032,167747,143285,50170,32720,17450,964760,518059,446701,120631,89390,31241,257218,128540,128678,16900,14820,2080,MADRAS,TAMIL NADU,1991
328556,159182,169374,24610,14210,10400,316984,158002,158982,21920,14630,7290,242587,126109,116478,17050,12530,4520,871323,446418,424905,34840,27980,6860,245731,124126,121605,2760,2480,280,MADURAI,TAMIL NADU,1991
241654,118656,122998,18959,9959,9000,240167,115556,124611,16941,9735,7206,195017,98550,96467,12401,7971,4430,705374,358537,346837,29711,22028,7683,217829,107696,110133,3646,2942,704,MADURAI,TAMIL NADU,2001
263146,129177,133969,55804,28286,27518,281721,137484,144237,58409,31058,27351,248258,123421,124837,41913,22705,19208,954348,477559,476789,101564,65308,36256,304936,148195,156741,15647,12757,2890,MADURAI,TAMIL NADU,2011
133394,65928,67466,6727,3406,3321,125322,58034,67288,6210,3664,2546,105237,50995,54242,4734,3229,1505,408604,203573,205031,9877,8029,1848,132079,67056,65023,992,889,103,NAGAPATTINAM,TAMIL NADU,2001
144723,70426,74297,21461,10068,11393,142089,67936,74153,19742,9939,9803,121017,59434,61583,12191,6545,5646,496319,241515,254804,26593,18505,8088,169696,83980,85716,3528,3088,440,NAGAPATTINAM,TAMIL NADU,2011
131114,65741,65373,13814,7595,6219,132718,63837,68881,12254,7469,4785,113175,56982,56193,8504,5876,2628,456988,228997,227991,17070,13583,3487,154945,77007,77938,1485,1299,186,NAMAKKAL,TAMIL NADU,2001
142437,70328,72109,30242,15001,15241,144765,71049,73716,28637,15925,12712,130990,65742,65248,17647,10115,7532,559802,276011,283791,33594,23082,10512,216685,103966,112719,4271,3624,647,NAMAKKAL,TAMIL NADU,2011
75643,36932,38711,3980,2130,1850,72514,34702,37812,4930,3080,1850,54580,28150,26430,3780,2720,1060,183939,96500,87439,7300,6110,1190,37959,19499,18460,450,380,70,NILGIRI,TAMIL NADU,1991
277797,137218,140579,14210,8620,5590,261843,128676,133167,12467,8787,3680,205674,103897,101777,8180,6190,1990,743379,388845,354534,18333,15628,2705,222013,110427,111586,1190,1050,140,NORTH ARCOTAMBEDKER,TAMIL NADU,1991
93289,44495,48794,4970,2920,2050,83716,38330,45386,3910,2700,1210,69307,32912,36395,2920,2380,540,289036,142759,146277,6940,5720,1220,87758,43408,44350,570,490,80,PASUMPON THEVAR THIRUMAGAN,TAMIL NADU,1991
41699,20554,21145,2828,1707,1121,42363,19345,23018,2895,1964,931,33619,16061,17558,2017,1424,593,140292,67974,72318,3356,2792,564,45180,23352,21828,334,303,31,PERAMBALUR,TAMIL NADU,2001
48089,23080,25009,7950,4099,3851,48160,22457,25703,6828,3904,2924,41804,20424,21380,4179,2516,1663,169425,81696,87729,7852,5640,2212,62140,31720,30420,944,821,123,PERAMBALUR,TAMIL NADU,2011
209833,104630,105203,10830,6800,4030,217018,105025,111993,8663,6133,2530,178357,89558,88799,6930,5350,1580,688407,356389,332018,13902,11720,2182,216734,115154,101580,740,650,90,PERIYAR,TAMIL NADU,1991
125310,61298,64012,5150,3560,1590,107682,50945,56737,3550,2510,1040,85264,41530,43734,2860,2430,430,336180,170799,165381,5590,4670,920,94132,48280,45852,370,310,60,PUDUKKOTTAI,TAMIL NADU,1991
138311,67844,70467,5900,3115,2785,129587,60777,68810,5605,3544,2061,105448,52818,52630,4332,3048,1284,392615,193730,198885,7372,5983,1389,122264,60908,61356,578,499,79,PUDUKKOTTAI,TAMIL NADU,2001
135603,65659,69944,17236,8361,8875,142907,67148,75759,16745,8645,8100,128810,63432,65378,11033,6214,4819,488423,240064,248359,22031,15491,6540,164370,81441,82929,2408,2105,303,PUDUKKOTTAI,TAMIL NADU,2011
99895,47233,52662,3350,2190,1160,93974,44644,49330,2850,2220,630,74744,37361,37383,2250,1840,410,289076,146774,142302,5170,4340,830,80480,41290,39190,290,240,50,RAMANATHAPURAM,TAMIL NADU,1991
107792,52222,55570,6487,3667,2820,100568,46298,54270,6612,4274,2338,81553,38959,42594,4451,3082,1369,313725,153586,160139,8832,7255,1577,103539,51034,52505,769,631,138,RAMANATHAPURAM,TAMIL NADU,2001
123511,61357,62154,16865,8955,7910,126473,62376,64097,15728,9076,6652,109126,55510,53616,9630,5908,3722,400951,200834,200117,17851,13149,4702,132575,66312,66263,1832,1611,221,RAMANATHAPURAM,TAMIL NADU,2011
360312,179650,180662,21110,14170,6940,362257,177532,184725,16170,11790,4380,287768,147110,140658,11770,9510,2260,1076890,552392,524498,25757,21886,3871,319899,170173,149726,1530,1360,170,SALEM,TAMIL NADU,1991
269879,137565,132314,21939,12149,9790,278137,134265,143872,23158,13966,9192,229357,115503,113854,17290,11403,5887,865454,442876,422578,39272,30277,8995,268793,134837,133956,3790,3183,607,SALEM,TAMIL NADU,2001
304269,157656,146613,49581,26972,22609,310903,156418,154485,47053,26551,20502,270347,137316,133031,31088,17817,13271,1093986,546490,547496,68533,46472,22061,378440,184930,193510,9427,7816,1611,SALEM,TAMIL NADU,2011
102838,49322,53516,8415,4181,4234,98106,44620,53486,7954,4510,3444,80914,39135,41779,5680,3598,2082,320751,155555,165196,12991,10114,2877,114974,57760,57214,1328,1125,203,SIVAGANGA,TAMIL NADU,2001
112910,55914,56996,18610,8873,9737,117850,56591,61259,17603,8927,8676,106559,53055,53504,11504,6194,5310,413284,202920,210364,25228,17014,8214,151975,76399,75576,3320,2855,465,SIVAGANGA,TAMIL NADU,2011
437870,216208,221662,21890,14410,7480,416961,200142,216819,16970,12509,4461,325473,162025,163448,12400,10060,2340,1219302,629229,590073,24994,21151,3843,327523,183816,143707,2010,1760,250,SOUTH ARCOT,TAMIL NADU,1991
428300,211243,217057,24140,15830,8310,401958,191470,210488,18610,13310,5300,318498,157426,161072,12960,10560,2400,1181662,597318,584344,27224,23534,3690,333851,176547,157304,1890,1730,160,THANJAVUR,TAMIL NADU,1991
203290,99796,103494,11517,5889,5628,197331,91229,106102,10225,5779,4446,166851,80865,85986,7635,4945,2690,627058,310264,316794,17890,14080,3810,194163,95872,98291,1633,1407,226,THANJAVUR,TAMIL NADU,2001
207211,100942,106269,39492,18266,21226,205063,96142,108921,37861,18542,19319,184497,88544,95953,24642,12845,11797,767460,371769,395691,57183,38674,18509,259295,126376,132919,8265,7062,1203,THANJAVUR,TAMIL NADU,2011
75098,36326,38772,6209,3182,3027,73083,34556,38527,6834,3894,2940,60417,29774,30643,5629,3419,2210,225524,114235,111289,12905,9720,3185,51211,24181,27030,1174,925,249,THE NILGIRIS,TAMIL NADU,2001
62158,31109,31049,10747,5392,5355,63265,30323,32942,10012,5223,4789,59826,28581,31245,7114,3634,3480,251124,122311,128813,18168,11926,6242,71305,32788,38517,2479,1980,499,THE NILGIRIS,TAMIL NADU,2011
92638,45415,47223,3674,2027,1647,98815,46870,51945,3556,2197,1359,83332,41099,42233,2684,1788,896,305610,154506,151104,6091,4816,1275,100022,48284,51738,645,536,109,THENI,TAMIL NADU,2001
106324,53064,53260,16132,8650,7482,112114,55166,56948,16024,9229,6795,97318,47917,49401,10470,6123,4347,394692,195845,198847,22319,15735,6584,133821,63077,70744,3061,2632,429,THENI,TAMIL NADU,2011
281817,140622,141195,33025,17589,15436,279201,135920,143281,35421,20005,15416,221196,114161,107035,24392,15309,9083,741199,383338,357861,49421,35755,13666,198251,95171,103080,5054,4189,865,THIRUVALLUR,TAMIL NADU,2001
352453,171058,181395,77458,37339,40119,377755,181729,196026,93419,46099,47320,329590,166244,163346,71543,38955,32588,1154034,587997,566037,136582,86278,50304,314765,152628,162137,16748,13202,3546,THIRUVALLUR,TAMIL NADU,2011
105512,51945,53567,5189,2774,2415,101874,47294,54580,4851,3078,1773,85834,41617,44217,3631,2688,943,334092,166744,167348,7409,6275,1134,99242,50671,48571,525,475,50,THIRUVARUR,TAMIL NADU,2001
111843,54600,57243,17210,7767,9443,111244,53269,57975,16806,8432,8374,97235,47591,49644,10215,5624,4591,403920,198332,205588,21965,16121,5844,133079,66717,66362,2498,2170,328,THIRUVARUR,TAMIL NADU,2011
143440,66496,76944,9891,4432,5459,137135,64473,72662,9786,5077,4709,110656,54020,56636,6807,3952,2855,421471,206087,215384,15319,10699,4620,151714,72660,79054,2131,1494,637,THOOTHUKKUDI,TAMIL NADU,2001
151330,74026,77304,25921,11925,13996,155973,77423,78550,25837,12898,12939,135568,67674,67894,16730,8558,8172,525989,257618,268371,37408,23133,14275,199194,92608,106586,5126,4102,1024,THOOTHUKKUDI,TAMIL NADU,2011
384943,186714,198229,23293,13490,9803,369794,177896,191898,20072,13200,6872,293875,147500,146375,14190,10530,3660,1129780,573479,556301,31790,26240,5550,317278,165461,151817,2620,2280,340,TIRUCHCHIRAPPALLI,TAMIL NADU,1991
224602,112782,111820,29628,15752,13876,213185,101140,112045,26783,14870,11913,181955,90056,91899,19872,11915,7957,700422,349745,350677,47696,34754,12942,218034,107032,111002,5686,4659,1027,TIRUCHIRAPPALLI,TAMIL NADU,2001
236377,117106,119271,50494,24201,26293,241125,117455,123670,51583,26021,25562,211824,104723,107101,35462,18569,16893,859417,419823,439594,86566,54159,32407,301977,146324,155653,13346,10902,2444,TIRUCHIRAPPALLI,TAMIL NADU,2011
247681,117942,129739,14205,6887,7318,239238,113073,126165,13525,7568,5957,191913,93563,98350,9249,5641,3608,746907,363712,383195,21656,15949,5707,262854,124132,138722,3181,2466,715,TIRUNELVELI,TAMIL NADU,2001
264635,129792,134843,41790,19739,22051,274049,134937,139112,40326,20851,19475,240296,119492,120804,26191,13869,12322,931358,455718,475640,60193,38902,21291,349038,161693,187345,9337,7640,1697,TIRUNELVELI,TAMIL NADU,2011
221195,103991,117204,14370,7990,6380,209349,99358,109991,10030,6330,3700,159809,77526,82283,7170,5440,1730,639995,316450,323545,17180,13710,3470,207481,101554,105927,1960,1630,330,TIRUNELVELI KATTABOMMAN,TAMIL NADU,1991
212081,99285,112796,32853,15625,17228,237545,115166,122379,34759,17125,17634,214336,108966,105370,24301,13098,11203,820077,418087,401990,44600,29024,15576,264900,132136,132764,4071,3355,716,TIRUPPUR,TAMIL NADU,2011
198418,100970,97448,5283,3219,2064,183206,88933,94273,5550,3767,1783,142772,69415,73357,3564,2523,1041,585377,289698,295679,7439,6260,1179,205050,102124,102926,679,602,77,TIRUVANNAMALAI,TAMIL NADU,2001
232301,116351,115950,24695,13652,11043,232526,114736,117790,23550,13709,9841,187753,95414,92339,15155,9191,5964,714701,350925,363776,28862,20443,8419,259118,126559,132559,3694,3242,452,TIRUVANNAMALAI,TAMIL NADU,2011
166867,79826,87041,4570,3020,1550,162761,76436,86325,4510,3600,910,131121,63600,67521,2841,2330,511,521234,262617,258617,6881,5979,902,157381,84414,72967,420,320,100,TIRUVANNAMALAI SAMBUVARAYAR,TAMIL NADU,1991
324407,162082,162325,18338,10025,8313,304192,144310,159882,19029,11289,7740,248188,122610,125578,13656,8899,4757,917368,465975,451393,30812,23694,7118,296324,139485,156839,2816,2402,414,VELLORE,TAMIL NADU,2001
382266,188311,193955,51188,27067,24121,363651,175663,187988,50453,27605,22848,305164,152233,152931,33621,19569,14052,1154423,573397,581026,69453,46192,23261,377563,177901,199662,9545,7852,1693,VELLORE,TAMIL NADU,2011
269907,137424,132483,10614,6218,4396,255123,124036,131087,11532,7607,3925,197640,97590,100050,7965,5737,2228,771071,385083,385988,15152,12393,2759,250144,129903,120241,1230,1065,165,VILUPPURAM,TAMIL NADU,2001
324432,162030,162402,36125,20796,15329,328847,161730,167117,33420,19978,13442,263725,134290,129435,20828,12742,8086,977533,483473,494060,38756,27783,10973,332676,166729,165947,4258,3692,566,VILUPPURAM,TAMIL NADU,2011
159580,75998,83582,7830,4280,3550,157643,74734,82909,7361,4352,3009,131797,64883,66914,5157,3298,1859,478632,240526,238106,11679,8869,2810,151809,73379,78430,1480,1165,315,VIRUDHUNAGAR,TAMIL NADU,2001
171700,84472,87228,27224,13970,13254,176979,86734,90245,25309,14023,11286,153462,75983,77479,16068,8823,7245,599324,297387,301937,37553,24876,12677,200394,95452,104942,5197,4350,847,VIRUDHUNAGAR,TAMIL NADU,2011
25335,12114,13221,557,333,224,26642,13484,13158,1058,706,352,22128,11664,10464,1075,802,273,67898,36987,30911,1879,1568,311,20398,10338,10060,89,81,8,DHALAI,TRIPURA,2001
37906,18533,19373,1198,655,543,35174,18107,17067,1448,879,569,28117,14815,13302,1079,702,377,91298,48509,42789,3159,2407,752,26402,13355,13047,220,197,23,DHALAI,TRIPURA,2011
60831,30151,30680,2050,1227,823,62419,30540,31879,3170,2139,1031,48063,25399,22664,2190,1628,562,140542,77072,63470,4029,3446,583,48630,25733,22897,187,177,10,NORTH TRIPURA,TRIPURA,1991
50921,25062,25859,1725,990,735,50167,24141,26026,2823,1621,1202,42733,21858,20875,2697,1810,887,134348,72523,61825,6487,5039,1448,41751,21195,20556,492,443,49,NORTH TRIPURA,TRIPURA,2001
71045,34716,36329,2541,1339,1202,62566,31418,31148,3182,1729,1453,51155,26163,24992,2523,1504,1019,176960,92191,84769,9246,6414,2832,50767,25482,25285,1280,1057,223,NORTH TRIPURA,TRIPURA,2011
63866,30761,33105,2341,1521,820,66795,32430,34365,3355,2479,876,51958,27203,24755,2256,1766,490,151311,82741,68570,3670,3208,462,53272,27199,26073,107,103,4,SOUTH TRIPURA,TRIPURA,1991
64768,31961,32807,2300,1466,834,66429,32961,33468,4369,2958,1411,56898,29989,26909,4227,3121,1106,176494,95519,80975,7641,6211,1430,56011,26746,29265,387,358,29,SOUTH TRIPURA,TRIPURA,2001
87795,43132,44663,3167,1959,1208,81407,41694,39713,4364,2872,1492,67247,35231,32016,3701,2560,1141,233722,122083,111639,12790,9658,3132,69131,33533,35598,1078,949,129,SOUTH TRIPURA,TRIPURA,2011
117372,58058,59314,6771,3797,2974,117638,57966,59672,8729,5455,3274,90902,48100,42802,6363,4076,2287,264038,144831,119207,14742,11454,3288,91393,45007,46386,1027,949,78,WEST TRIPURA,TRIPURA,1991
133063,65921,67142,7442,4166,3276,135746,66031,69715,12214,7304,4910,121383,62538,58845,11047,6902,4145,371905,200909,170996,28416,19963,8453,114389,54377,60012,2803,2467,336,WEST TRIPURA,TRIPURA,2001
176431,87398,89033,10572,5554,5018,165002,83840,81162,14450,8075,6375,140470,73022,67448,11933,6978,4955,500642,259554,241088,42882,27700,15182,143244,69550,73694,6942,5393,1549,WEST TRIPURA,TRIPURA,2011
244889,131391,113498,17946,11006,6940,222938,117262,105676,15690,10020,5670,185304,99987,85317,14730,10160,4570,551740,308396,243344,28276,21820,6456,154222,87353,66869,2724,2404,320,AGRA,UTTAR PRADESH,1991
301647,166268,135379,26279,15447,10832,258607,134475,124132,26918,17073,9845,237080,119705,117375,21238,14033,7205,728636,391575,337061,62303,45384,16919,207364,110751,96613,7306,6021,1285,AGRA,UTTAR PRADESH,2001
430604,235306,195298,63579,36406,27173,340312,177936,162376,52895,30232,22663,285605,146707,138898,37186,21762,15424,969430,508554,460876,104154,69134,35020,284093,148549,135544,19922,15095,4827,AGRA,UTTAR PRADESH,2011
277516,153103,124413,20042,13180,6862,239058,128259,110799,17090,12340,4750,197698,102823,94875,13680,9720,3960,649750,345279,304471,30571,24730,5841,235021,128888,106133,3283,3093,190,ALIGARH,UTTAR PRADESH,1991
246994,138665,108329,19659,12116,7543,212238,111948,100290,19567,12949,6618,187820,95249,92571,14293,9565,4728,588360,309699,278661,42361,31673,10688,206753,106378,100375,5626,4886,740,ALIGARH,UTTAR PRADESH,2001
351936,194317,157619,40476,22746,17730,270867,142765,128102,35757,20495,15262,230162,117030,113132,25638,15522,10116,772518,402484,370034,68590,47408,21182,257395,128701,128694,13309,10737,2572,ALIGARH,UTTAR PRADESH,2011
411130,209368,201762,33740,24480,9260,363898,185890,178008,29058,21790,7268,321915,163148,158767,23001,17451,5550,1024493,555490,469003,60010,51890,8120,302575,175812,126763,5890,5270,620,ALLAHABAD,UTTAR PRADESH,1991
426482,230707,195775,55460,39788,15672,356829,186234,170595,50672,36875,13797,320841,158501,162340,34719,24979,9740,1010388,537723,472665,98061,75828,22233,314358,172304,142054,13829,11621,2208,ALLAHABAD,UTTAR PRADESH,2001
541676,294863,246813,97804,59438,38366,455067,235055,220012,93993,58066,35927,392999,197830,195169,64018,41398,22620,1309189,677776,631413,159933,115177,44756,451173,238454,212719,31105,24773,6332,ALLAHABAD,UTTAR PRADESH,2011
61412,26172,35240,2700,1450,1250,53590,22382,31208,3150,1980,1170,47711,21290,26421,3070,2330,740,190241,88162,102079,7460,6330,1130,70635,34766,35869,350,320,30,ALMORA,UTTAR PRADESH,1991
153265,72205,81060,13125,8724,4401,133659,63304,70355,12069,9010,3059,124039,57455,66584,8152,6449,1703,410719,209667,201052,19166,17030,2136,159318,84762,74556,1500,1389,111,AMBEDKAR NAGAR,UTTAR PRADESH,2001
208988,103438,105550,39744,19721,20023,164073,80772,83301,32877,18231,14646,148295,69859,78436,20946,13417,7529,512612,259012,253600,40224,31733,8491,221556,115746,105810,5686,4985,701,AMBEDKAR NAGAR,UTTAR PRADESH,2011
93027,52307,40720,7482,4876,2606,87988,45954,42034,8067,5826,2241,80784,41273,39511,6491,5044,1447,242884,130001,112883,16851,14540,2311,89058,48158,40900,1199,1117,82,AURAIYA,UTTAR PRADESH,2001
122372,69603,52769,20655,11937,8718,99952,53368,46584,17279,10582,6697,90680,46029,44651,11282,7433,3849,316972,168722,148250,29183,22918,6265,115165,61050,54115,4280,3869,411,AURAIYA,UTTAR PRADESH,2011
233835,102905,130930,8250,6510,1740,200274,89879,110395,8520,6980,1540,183377,81052,102325,7000,6080,920,638736,311850,326886,13870,12780,1090,246570,134130,112440,1000,900,100,AZAMGARH,UTTAR PRADESH,1991
291280,130785,160495,19868,13953,5915,245855,108211,137644,18971,14379,4592,226277,97735,128542,12431,9743,2688,780037,377245,402792,33142,28981,4161,314402,166802,147600,3356,3111,245,AZAMGARH,UTTAR PRADESH,2001
376175,183985,192190,54740,28615,26125,304713,140716,163997,49293,28602,20691,274935,121342,153593,31989,20792,11197,983009,469779,513230,62460,49681,12779,407886,211835,196051,9630,8709,921,AZAMGARH,UTTAR PRADESH,2011
96231,54801,41430,9015,5632,3383,80981,43503,37478,7420,5252,2168,70930,35846,35084,4663,3432,1231,233810,123065,110745,12957,10896,2061,95172,53470,41702,1411,1337,74,BAGHPAT,UTTAR PRADESH,2001
123306,67490,55816,18649,10094,8555,96297,52531,43766,14174,8423,5751,81294,41895,39399,9267,5892,3375,286790,150323,136467,19871,15453,4418,109740,58584,51156,3823,3431,392,BAGHPAT,UTTAR PRADESH,2011
209531,110109,99422,3940,3040,900,210951,110686,100265,4410,3440,970,189126,97648,91478,3907,3180,727,617278,335545,281733,7320,6550,770,197102,110174,86928,510,440,70,BAHRAICH,UTTAR PRADESH,1991
186918,97626,89292,5924,3855,2069,179119,92890,86229,6335,4454,1881,163830,84057,79773,4616,3428,1188,495154,266568,228586,12236,9891,2345,157909,84668,73241,999,865,134,BAHRAICH,UTTAR PRADESH,2001
273936,145611,128325,15032,8671,6361,258605,132082,126523,15211,9511,5700,236337,120100,116237,10618,7174,3444,705655,372623,333032,23412,17689,5723,258596,137321,121275,3137,2616,521,BAHRAICH,UTTAR PRADESH,2011
174672,83124,91548,8450,6510,1940,157998,73986,84012,8660,7140,1520,139253,64858,74395,7020,6000,1020,470426,234555,235871,13710,12480,1230,178853,96725,82128,1410,1340,70,BALLIA,UTTAR PRADESH,1991
208152,102583,105569,16164,11740,4424,188131,88785,99346,15841,12477,3364,173561,81235,92326,11619,9350,2269,572125,287351,284774,31892,28195,3697,228364,121898,106466,4081,3871,210,BALLIA,UTTAR PRADESH,2001
257479,135719,121760,38155,22038,16117,228829,113109,115720,37669,23961,13708,210745,100887,109858,25276,17357,7919,725820,364548,361272,56467,45278,11189,290425,154064,136361,10485,9314,1171,BALLIA,UTTAR PRADESH,2011
125004,62593,62411,3174,2193,981,115423,57944,57479,3492,2635,857,105149,52069,53080,2758,2146,612,358810,190592,168218,8080,6835,1245,123047,67965,55082,751,690,61,BALRAMPUR,UTTAR PRADESH,2001
169110,87080,82030,8250,5070,3180,151933,76408,75525,8120,5352,2768,132088,65056,67032,5402,3784,1618,435075,225137,209938,12847,10163,2684,159123,86756,72367,1984,1753,231,BALRAMPUR,UTTAR PRADESH,2011
159250,83176,76074,6438,5358,1080,141268,75141,66127,5480,4590,890,119278,60520,58758,4790,4090,700,390166,209275,180891,8350,7550,800,125996,73476,52520,440,430,10,BANDA,UTTAR PRADESH,1991
122976,67314,55662,7329,5450,1879,114511,60153,54358,8131,6548,1583,103921,52175,51746,6633,5545,1088,318138,168802,149336,15876,14035,1841,116963,63666,53297,1085,990,95,BANDA,UTTAR PRADESH,2001
142223,83118,59105,15000,9593,5407,128323,68309,60014,15252,10223,5029,119393,60601,58792,10808,7852,2956,398658,210772,187886,27139,22651,4488,155786,82221,73565,3539,3177,362,BANDA,UTTAR PRADESH,2011
270794,146348,124446,23375,13244,10131,226913,118991,107922,20376,12651,7725,209023,105983,103040,13120,8777,4343,683534,362283,321251,29783,22829,6954,262206,133663,128543,4272,3534,738,BARA BANKI,UTTAR PRADESH,2011
195916,103166,92750,4800,3680,1120,183009,97254,85755,4430,3410,1020,168004,87904,80100,4050,3150,900,549258,301885,247373,8739,7779,960,179412,99411,80001,510,450,60,BARABANKI,UTTAR PRADESH,1991
208695,110934,97761,7534,5081,2453,196951,102519,94432,8216,6048,2168,186077,95336,90741,6546,5053,1493,561599,302492,259107,16826,14172,2654,195241,101260,93981,1515,1352,163,BARABANKI,UTTAR PRADESH,2001
238686,128466,110220,10910,6520,4390,214339,113795,100544,11530,6950,4580,185359,99166,86193,10101,6461,3640,571917,315002,256915,22140,16760,5380,168962,94846,74116,2290,1830,460,BAREILLY,UTTAR PRADESH,1991
292440,157101,135339,18232,9885,8347,263612,137565,126047,18905,11015,7890,242057,124897,117160,15170,9165,6005,708958,383970,324988,43700,29927,13773,207303,108094,99209,4966,4055,911,BAREILLY,UTTAR PRADESH,2001
397387,218544,178843,39020,21617,17403,312723,163238,149485,37180,21499,15681,279395,142355,137040,25892,15488,10404,908951,481760,427191,66512,42671,23841,278028,143761,134267,12489,9103,3386,BAREILLY,UTTAR PRADESH,2011
197391,95210,102181,5570,4250,1320,179741,87778,91963,5870,4880,990,170633,82122,88511,5750,5140,610,605955,325022,280933,13190,12140,1050,218874,120026,98848,880,840,40,BASTI,UTTAR PRADESH,1991
157977,77093,80884,9281,6406,2875,136487,66522,69965,8991,6846,2145,127895,60582,67313,6016,4720,1296,436001,226948,209053,18889,16536,2353,165258,91080,74178,1649,1525,124,BASTI,UTTAR PRADESH,2001
202836,100983,101853,26941,15193,11748,171872,83929,87943,23165,14421,8744,154207,72961,81246,14641,9872,4769,517464,261668,255796,30709,24498,6211,211485,115241,96244,4819,4318,501,BASTI,UTTAR PRADESH,2011
203455,107121,96334,9870,5830,4040,176195,90875,85320,8780,6140,2640,150806,77642,73164,7040,5290,1750,469162,250876,218286,13250,10910,2340,158297,91809,66488,780,750,30,BIJNOR,UTTAR PRADESH,1991
256471,139045,117426,17291,9978,7313,217081,112072,105009,16080,10429,5651,195593,96639,98954,11613,7857,3756,596488,315772,280716,30014,23052,6962,200187,106691,93496,2438,2092,346,BIJNOR,UTTAR PRADESH,2001
355800,192148,163652,38994,19627,19367,254806,132861,121945,33097,18883,14214,222943,110631,112312,21483,13212,8271,768457,396850,371607,48927,34520,14407,245091,126753,118338,6721,5391,1330,BIJNOR,UTTAR PRADESH,2011
204377,109409,94968,4410,2830,1580,184454,100868,83586,5048,3678,1370,159800,87014,72786,3980,2960,1020,506125,276550,229575,8270,6820,1450,159088,86826,72262,710,630,80,BUDAUN,UTTAR PRADESH,1991
235378,127776,107602,7022,4050,2972,219907,116634,103273,7621,5003,2618,204378,107347,97031,6280,4356,1924,593053,322492,270561,16716,13037,3679,191212,97922,93290,1482,1285,197,BUDAUN,UTTAR PRADESH,2001
302587,167002,135585,16536,9722,6814,244441,130016,114425,15195,9480,5715,220039,113817,106222,10443,6794,3649,722957,384859,338098,25860,18772,7088,229606,116462,113144,3982,3186,796,BUDAUN,UTTAR PRADESH,2011
230704,123164,107540,11162,7572,3590,196489,101702,94787,9750,7120,2630,164623,84880,79743,8018,6160,1858,561545,294558,266987,17800,15650,2150,199368,113088,86280,1810,1710,100,BULANDSHAHR,UTTAR PRADESH,1991
242959,134644,108315,15645,9572,6073,197448,103247,94201,15288,10410,4878,175935,87779,88156,10978,7770,3208,568183,293372,274811,32143,25912,6231,208597,104886,103711,3813,3467,346,BULANDSHAHR,UTTAR PRADESH,2001
337996,183643,154353,37403,20802,16601,256213,134535,121678,30048,17712,12336,219835,110714,109121,20872,13057,7815,747315,383301,364014,53554,39939,13615,259607,127038,132569,10099,8736,1363,BULANDSHAHR,UTTAR PRADESH,2011
36971,17280,19691,1560,1040,520,35137,17540,17597,2100,1650,450,26900,12550,14350,1870,1610,260,101929,50928,51001,3900,3520,380,31007,15827,15180,150,140,10,CHAMOLI,UTTAR PRADESH,1991
128555,64145,64410,10104,7339,2765,117230,58387,58843,9761,7481,2280,108258,52670,55588,7259,5705,1554,344565,180367,164198,19592,17206,2386,121901,64020,57881,2097,2003,94,CHANDAULI,UTTAR PRADESH,2001
164182,87445,76737,22212,12954,9258,142469,71964,70505,22043,14083,7960,129836,64041,65795,15266,10725,4541,431150,221951,209199,33472,26949,6523,163781,85786,77995,5365,4918,447,CHANDAULI,UTTAR PRADESH,2011
60581,31844,28737,2807,2253,554,55188,28611,26577,3069,2564,505,49935,24859,25076,2486,2145,341,152293,81548,70745,6150,5639,511,54982,30384,24598,482,455,27,CHITRAKOOT,UTTAR PRADESH,2001
77556,43587,33969,7942,5577,2365,69806,36441,33365,7380,5333,2047,65591,32902,32689,5342,4114,1228,204946,107894,97052,11405,9930,1475,80360,43125,37235,1498,1394,104,CHITRAKOOT,UTTAR PRADESH,2011
96854,52180,44674,15720,7570,8150,89794,48804,40990,14770,7840,6930,73662,40384,33278,12906,7816,5090,231281,130380,100901,30137,20588,9549,61433,35299,26134,3273,2583,690,DEHRADUN,UTTAR PRADESH,1991
319346,150496,168850,11780,9400,2380,291028,135066,155962,12980,11200,1780,279801,130728,149073,11360,10230,1130,921957,468978,452979,21570,20050,1520,330115,177971,152144,1710,1610,100,DEORIA,UTTAR PRADESH,1991
205197,96501,108696,14752,10237,4515,179048,82034,97014,14493,11121,3372,161708,72029,89679,10319,8294,2025,541844,264610,277234,30877,27415,3462,220760,115831,104929,3158,3011,147,DEORIA,UTTAR PRADESH,2001
253930,124295,129635,34780,18454,16326,217792,99832,117960,31254,18336,12918,194742,87256,107486,20811,13807,7004,668376,319410,348966,49152,39786,9366,282809,146468,136341,8979,8089,890,DEORIA,UTTAR PRADESH,2011
190350,102710,87640,8070,5930,2140,166585,89135,77450,6430,5090,1340,140419,73519,66900,5510,4400,1110,468403,249409,218994,11540,10180,1360,154877,86687,68190,800,760,40,ETAH,UTTAR PRADESH,1991
215407,118801,96606,11953,7908,4045,202072,106586,95486,12211,8978,3233,183821,94424,89397,9229,7057,2172,551419,294483,256936,24501,20556,3945,192303,101129,91174,2184,1992,192,ETAH,UTTAR PRADESH,2001
156459,86313,70146,20794,12918,7876,123207,64812,58395,15796,10173,5623,111075,56365,54710,10442,7142,3300,377955,197643,180312,25175,19764,5411,132104,67714,64390,4060,3514,546,ETAH,UTTAR PRADESH,2011
189593,99023,90570,9743,6270,3473,169996,90064,79932,8684,6424,2260,134053,70842,63211,7160,5560,1600,432229,235458,196771,14380,12280,2100,146152,86076,60076,840,690,150,ETAWAH,UTTAR PRADESH,1991
107159,59811,47348,8929,5579,3350,96795,50077,46718,8992,6135,2857,89704,45424,44280,6987,5213,1774,280657,149781,130876,19592,16051,3541,104218,56040,48178,1966,1778,188,ETAWAH,UTTAR PRADESH,2001
146839,81975,64864,23934,13555,10379,116463,61570,54893,20439,12209,8230,103767,53032,50735,13182,8477,4705,360130,190128,170002,32412,24517,7895,135915,71582,64333,5691,4921,770,ETAWAH,UTTAR PRADESH,2011
241488,116877,124611,11390,8640,2750,211250,105382,105868,10940,8620,2320,187526,92423,95103,9160,7650,1510,642396,342515,299881,18813,16858,1955,221132,122108,99024,1410,1370,40,FAIZABAD,UTTAR PRADESH,1991
164759,82842,81917,13064,8727,4337,145655,72135,73520,13005,9324,3681,135003,65777,69226,9180,6867,2313,449769,234282,215487,23950,19680,4270,158809,82818,75991,2277,2049,228,FAIZABAD,UTTAR PRADESH,2001
213055,108201,104854,34495,18330,16165,175578,87695,87883,30264,17653,12611,158575,77039,81536,19445,12527,6918,539548,275218,264330,41657,31235,10422,212357,108920,103437,6382,5274,1108,FAIZABAD,UTTAR PRADESH,2011
204284,110870,93414,7900,5290,2610,185577,98914,86663,8149,6299,1850,157214,84043,73171,7920,6260,1660,502840,275247,227593,14597,12660,1937,150125,84970,65155,1080,1010,70,FARRUKHABAD,UTTAR PRADESH,1991
126446,69725,56721,7955,4690,3265,113148,59937,53211,7682,5116,2566,104296,53264,51032,6250,4464,1786,322157,173976,148181,17744,14183,3561,100134,53889,46245,1670,1482,188,FARRUKHABAD,UTTAR PRADESH,2001
173248,95595,77653,20048,11031,9017,138111,73558,64553,16852,9959,6893,121666,62666,59000,11194,7016,4178,401345,211729,189616,27787,20430,7357,134937,70383,64554,4512,3816,696,FARRUKHABAD,UTTAR PRADESH,2011
150030,76811,73219,5250,3940,1310,143067,73433,69634,5519,4279,1240,123651,61730,61921,4660,4030,630,412263,218493,193770,8651,7940,711,129429,74266,55163,580,560,20,FATEHPUR,UTTAR PRADESH,1991
171750,93972,77778,9393,6529,2864,159994,81735,78259,10076,7526,2550,156344,76342,80002,8161,6419,1742,502894,265688,237206,20253,17688,2565,172905,93258,79647,1598,1480,118,FATEHPUR,UTTAR PRADESH,2001
217301,123116,94185,25309,14406,10903,181961,95341,86620,22548,13896,8652,169221,83619,85602,15017,10120,4897,605562,314230,291332,34905,27816,7089,224595,117107,107488,4891,4386,505,FATEHPUR,UTTAR PRADESH,2011
134341,71100,63241,8420,5510,2910,116153,61910,54243,6450,4870,1580,96461,50260,46201,5243,4150,1093,304353,161759,142594,10100,8890,1210,97037,56257,40780,770,700,70,FIROZABAD,UTTAR PRADESH,1991
165090,90949,74141,11306,6803,4503,149020,77902,71118,11509,7739,3770,136712,69353,67359,9223,6468,2755,403187,215690,187497,24099,19223,4876,130068,68849,61219,2299,2066,233,FIROZABAD,UTTAR PRADESH,2001
232863,128839,104024,31531,18123,13408,180520,95120,85400,24828,14984,9844,155936,79044,76892,15719,9984,5735,532284,278129,254155,38864,28565,10299,168199,86786,81413,6418,5398,1020,FIROZABAD,UTTAR PRADESH,2011
53143,25262,27881,3341,1780,1561,46396,22247,24149,3529,2480,1049,38145,18120,20025,3460,2460,1000,147920,66774,81146,6889,6029,860,57171,28250,28921,470,410,60,GARHWAL,UTTAR PRADESH,1991
107162,60005,47157,11070,6322,4748,99735,52471,47264,15942,9063,6879,87736,45891,41845,14030,8403,5627,236649,128253,108396,36602,23749,12853,77042,40197,36845,6333,4780,1553,GAUTAM BUDDHA NAGAR,UTTAR PRADESH,2001
165170,90615,74555,29369,16488,12881,148407,77966,70441,37198,20337,16861,127334,66707,60627,31726,17833,13893,364262,196965,167297,81157,49295,31862,100233,51314,48919,18764,12290,6474,GAUTAM BUDDHA NAGAR,UTTAR PRADESH,2011
233064,123910,109154,21471,12058,9413,222589,117359,105230,23620,14420,9200,182469,97450,85019,21119,14336,6783,526972,294606,232366,46265,35795,10470,167515,96255,71260,4397,3797,600,GHAZIABAD,UTTAR PRADESH,1991
288859,158241,130618,36671,18996,17675,257933,132282,125651,41585,23065,18520,234341,118681,115660,34461,21122,13339,684855,371322,313533,89378,62388,26990,183691,96043,87648,10228,8522,1706,GHAZIABAD,UTTAR PRADESH,2001
465391,246246,219145,77180,38980,38200,396108,202286,193822,91158,46200,44958,341608,173241,168367,78465,42257,36208,1075493,568875,506618,194140,120669,73471,282733,147982,134751,35386,25646,9740,GHAZIABAD,UTTAR PRADESH,2011
180316,82241,98075,7790,5940,1850,165144,78288,86856,7360,6160,1200,147733,70350,77383,6320,5440,880,503973,258142,245831,13417,12537,880,186123,102303,83820,1250,1230,20,GHAZIPUR,UTTAR PRADESH,1991
223111,104883,118228,18420,13548,4872,196460,90397,106063,17447,13777,3670,181673,82368,99305,12197,9839,2358,622037,307535,314502,31412,27764,3648,242532,127724,114808,3392,3228,164,GHAZIPUR,UTTAR PRADESH,2001
289036,150812,138224,42827,24736,18091,243668,118695,124973,41019,25855,15164,223921,106239,117682,28426,19891,8535,787369,391372,395997,59894,48699,11195,319113,166713,152400,9422,8426,996,GHAZIPUR,UTTAR PRADESH,2011
274488,137679,136809,6428,4800,1628,254805,129076,125729,6490,5140,1350,242360,121820,120540,5795,4860,935,796665,427860,368805,10593,9533,1060,260915,147230,113685,1070,1000,70,GONDA,UTTAR PRADESH,1991
214461,107841,106620,8413,5936,2477,191470,96189,95281,8691,6485,2206,176295,86681,89614,6538,4845,1693,582106,305268,276838,17405,14537,2868,198369,106299,92070,1446,1303,143,GONDA,UTTAR PRADESH,2001
286212,148915,137297,25373,15612,9761,253924,127786,126138,22005,14258,7747,223509,111053,112456,13944,9690,4254,712272,368166,344106,29418,22799,6619,263706,140291,123415,4219,3619,600,GONDA,UTTAR PRADESH,2011
230819,114095,116724,15430,9750,5680,204124,99638,104486,14950,10670,4280,189628,91356,98272,12107,9547,2560,648355,339457,308898,27067,23411,3656,223234,124142,99092,2220,2070,150,GORAKHPUR,UTTAR PRADESH,1991
294291,145237,149054,28137,17461,10676,253841,120625,133216,28235,18807,9428,229778,106876,122902,20269,14224,6045,787825,398096,389729,58461,47243,11218,287443,153731,133712,6753,6163,590,GORAKHPUR,UTTAR PRADESH,2001
390991,201681,189310,57120,30771,26349,336512,165183,171329,54403,31377,23026,294608,141488,153120,37564,23338,14226,984097,495344,488753,89991,65748,24243,373086,199061,174025,16778,14346,2432,GORAKHPUR,UTTAR PRADESH,2011
126185,66010,60175,5340,4120,1220,115258,60440,54818,5170,4310,860,95872,50102,45770,4221,3511,710,312691,167773,144918,6896,6356,540,109409,61402,48007,630,610,20,HAMIRPUR,UTTAR PRADESH,1991
80171,44731,35440,4908,3591,1317,77277,40792,36485,5175,4059,1116,72109,36659,35450,4214,3495,719,226155,120992,105163,10721,9484,1237,84047,45207,38840,650,604,46,HAMIRPUR,UTTAR PRADESH,2001
93214,54530,38684,11580,7273,4307,79547,43271,36276,10347,6934,3413,73314,37519,35795,7015,5043,1972,262922,138977,123945,17674,14589,3085,105241,55711,49530,2205,1982,223,HAMIRPUR,UTTAR PRADESH,2011
231004,122774,108230,6250,4690,1560,215250,116660,98590,6580,5460,1120,188221,99668,88553,5440,4590,850,589513,323098,266415,10810,9560,1250,181896,100178,81718,680,600,80,HARDOI,UTTAR PRADESH,1991
269871,148026,121845,9505,6418,3087,251782,134781,117001,10622,7918,2704,236437,121502,114935,8731,6784,1947,701176,380682,320494,23070,19596,3474,233225,121346,111879,1689,1508,181,HARDOI,UTTAR PRADESH,2001
337130,189818,147312,28259,17001,11258,291799,156252,135547,25315,16139,9176,266253,136816,129437,16600,11208,5392,874538,466889,407649,40985,31994,8991,324503,166449,158054,6162,5245,917,HARDOI,UTTAR PRADESH,2011
97571,52463,45108,7870,3980,3890,84259,44925,39334,6880,3910,2970,71692,37190,34502,5345,3240,2105,231428,127259,104169,14963,10903,4060,73953,42909,31044,1280,1140,140,HARDWAR,UTTAR PRADESH,1991
107320,60237,47083,7435,4721,2714,95587,50885,44702,7748,5527,2221,85238,43501,41737,5667,4153,1514,263388,139877,123511,15942,12993,2949,96674,49625,47049,1750,1606,144,HATHRAS,UTTAR PRADESH,2001
110525,57991,52534,7608,5818,1790,99131,51161,47970,5880,4730,1150,80329,42012,38317,4320,3540,780,255759,137464,118295,7860,6980,880,86368,48740,37628,450,420,30,JALAUN,UTTAR PRADESH,1991
117491,65039,52452,7753,5324,2429,113078,58892,54186,9087,6881,2206,104142,53257,50885,9511,7740,1771,320393,172290,148103,23194,20014,3180,121465,65800,55665,1756,1605,151,JALAUN,UTTAR PRADESH,2001
151585,85145,66440,22835,13990,8845,131867,70593,61274,19358,12600,6758,115546,59202,56344,12123,8232,3891,411824,218101,193723,38916,31607,7309,157674,83116,74558,5601,4968,633,JALAUN,UTTAR PRADESH,2011
243341,109894,133447,11150,9340,1810,212511,95015,117496,10549,9020,1529,188467,83662,104805,9138,8318,820,648236,319017,329219,19252,17806,1446,239086,128393,110693,1480,1380,100,JAUNPUR,UTTAR PRADESH,1991
301725,135700,166025,23433,17906,5527,240748,105758,134990,21134,16956,4178,216683,93296,123387,13701,11325,2376,746146,356143,390003,38650,34426,4224,309764,159862,149902,4416,4153,263,JAUNPUR,UTTAR PRADESH,2001
372524,179487,193037,59673,34955,24718,306098,139897,166201,53357,33931,19426,271404,120650,150754,34460,24231,10229,939648,444215,495433,70798,58364,12434,405953,204761,201192,12576,11335,1241,JAUNPUR,UTTAR PRADESH,2011
132500,68061,64439,9910,5960,3950,118101,62183,55918,10240,7170,3070,99482,51956,47526,8770,6370,2400,296856,160637,136219,16210,13200,3010,95618,51518,44100,1220,1090,130,JHANSI,UTTAR PRADESH,1991
158167,84762,73405,14065,8016,6049,143681,75143,68538,14967,9352,5615,131840,67681,64159,13551,9241,4310,385744,208710,177034,34352,25734,8618,124799,62727,62072,3141,2588,553,JHANSI,UTTAR PRADESH,2001
193696,103562,90134,29230,16093,13137,171954,90997,80957,27587,15654,11933,151261,77341,73920,18840,11278,7562,498088,262671,235417,56102,38902,17200,169710,85739,83971,8287,6531,1756,JHANSI,UTTAR PRADESH,2011
117950,63102,54848,5834,3864,1970,105394,54258,51136,5680,3922,1758,97227,48774,48453,4241,3099,1142,283296,150444,132852,11265,8911,2354,93699,50090,43609,811,707,104,JYOTIBA PHULE NAGAR,UTTAR PRADESH,2001
170851,90956,79895,21596,12430,9166,132380,68759,63621,16253,10355,5898,116865,58373,58492,9604,6464,3140,371603,193203,178400,19491,14533,4958,118656,61476,57180,2736,2244,492,JYOTIBA PHULE NAGAR,UTTAR PRADESH,2011
108510,60810,47700,5956,3843,2113,98917,51704,47213,5880,4254,1626,91229,46357,44872,4743,3700,1043,275458,146937,128521,12428,10554,1874,92797,48827,43970,955,876,79,KANNAUJ,UTTAR PRADESH,2001
148929,84082,64847,18968,11025,7943,118278,63061,55217,15610,9547,6063,105975,54278,51697,9551,6339,3212,349414,184777,164637,22061,17276,4785,129174,66045,63129,3498,3043,455,KANNAUJ,UTTAR PRADESH,2011
177589,97924,79665,8320,6330,1990,162079,86335,75744,6970,5640,1330,133970,70400,63570,4840,4090,750,443079,240298,202781,9970,9160,810,153231,89560,63671,740,680,60,KANPUR DEHAT,UTTAR PRADESH,1991
122954,70224,52730,6813,4700,2113,111204,58771,52433,7152,5276,1876,104848,53498,51350,6108,4816,1292,313571,168580,144991,14252,12619,1633,124639,68036,56603,1205,1123,82,KANPUR DEHAT,UTTAR PRADESH,2001
159770,92160,67610,22573,12992,9581,132647,71048,61599,19515,11874,7641,119479,61469,58010,12101,8120,3981,409084,217825,191259,27468,21802,5666,163627,86249,77378,4194,3759,435,KANPUR DEHAT,UTTAR PRADESH,2011
225090,124929,100161,40384,23244,17140,202271,105958,96313,35490,21490,14000,174400,93539,80861,28693,19153,9540,545148,312524,232624,66690,51280,15410,119143,69352,49791,6820,6060,760,KANPUR NAGAR,UTTAR PRADESH,1991
391751,219975,171776,61661,31528,30133,323947,171277,152670,65329,35276,30053,292196,150844,141352,51417,30287,21130,954365,521178,433187,145016,98139,46877,275437,148700,126737,18919,15524,3395,KANPUR NAGAR,UTTAR PRADESH,2001
464532,257096,207436,104593,50497,54096,388739,206483,182256,107556,53091,54465,339466,176809,162657,78783,41267,37516,1212860,650543,562317,220406,133763,86643,389023,209137,179886,42813,31374,11439,KANPUR NAGAR,UTTAR PRADESH,2011
122499,67386,55113,9756,5586,4170,97731,52001,45730,8888,5575,3313,87032,44534,42498,5961,4022,1939,296720,156523,140197,14324,11129,3195,100934,50638,50296,2410,2084,326,KANSHIRAM NAGAR,UTTAR PRADESH,2011
93100,49466,43634,3175,2572,603,88238,44462,43776,3165,2593,572,85118,41397,43721,2500,2186,314,265489,139218,126271,6620,6093,527,86474,47275,39199,564,534,30,KAUSHAMBI,UTTAR PRADESH,2001
123514,70064,53450,10246,6822,3424,108926,55911,53015,9619,6616,3003,101545,50459,51086,6107,4434,1673,322571,166326,156245,12556,10586,1970,122841,63772,59069,1837,1651,186,KAUSHAMBI,UTTAR PRADESH,2011
191944,100534,91410,4720,3200,1520,187592,100950,86642,5160,3930,1230,166188,87208,78980,3800,3170,630,515381,285870,229511,8980,7840,1140,159663,89850,69813,896,860,36,KHERI,UTTAR PRADESH,1991
258893,135530,123363,8876,5679,3197,242759,127131,115628,10011,7056,2955,220453,111468,108985,7741,5716,2025,640630,347216,293414,19640,15898,3742,209969,112000,97969,1733,1500,233,KHERI,UTTAR PRADESH,2001
328438,177959,150479,24275,14163,10112,295706,153480,142226,23903,15167,8736,272638,137048,135590,15700,10508,5192,845005,445262,399743,34995,26208,8787,289800,151343,138457,4677,3858,819,KHERI,UTTAR PRADESH,2011
213594,102182,111412,10234,7643,2591,196924,93278,103646,9993,8299,1694,186205,86822,99383,7418,6408,1010,598394,306874,291520,21658,20125,1533,209591,111504,98087,1767,1692,75,KUSHINAGAR,UTTAR PRADESH,2001
274817,141103,133714,23640,13370,10270,256231,124218,132013,22034,14129,7905,234653,112086,122567,15084,10798,4286,752583,379105,373478,33506,28554,4952,285914,151213,134701,5826,5294,532,KUSHINAGAR,UTTAR PRADESH,2011
63315,31585,31730,2090,1330,760,58412,31048,27364,2070,1550,520,48951,26050,22901,1866,1460,406,157958,87358,70600,3179,2738,441,48550,27060,21490,150,150,0,LALITPUR,UTTAR PRADESH,1991
84237,42863,41374,3349,1991,1358,74378,38907,35471,3569,2436,1133,65977,34186,31791,2937,2151,786,195476,105784,89692,7357,5916,1441,63932,33085,30847,402,360,42,LALITPUR,UTTAR PRADESH,2001
112480,58160,54320,7501,4333,3168,97324,51412,45912,7312,4492,2820,82949,42206,40743,5070,3263,1807,253187,133622,119565,12172,9068,3104,88610,45538,43072,1500,1250,250,LALITPUR,UTTAR PRADESH,2011
250434,134874,115560,41200,22360,18840,224454,114451,110003,40240,23150,17090,198709,102949,95760,33470,21040,12430,611844,335158,276686,81780,59238,22542,164141,89237,74904,10550,9290,1260,LUCKNOW,UTTAR PRADESH,1991
337767,185159,152608,60905,31705,29200,288857,149148,139709,67241,36699,30542,259959,131384,128575,52729,30318,22411,845398,454030,391368,164320,106696,57624,235982,121719,114263,25448,19985,5463,LUCKNOW,UTTAR PRADESH,2001
457020,244128,212892,105508,50639,54869,388923,197727,191196,119169,57997,61172,331460,167275,164185,91685,47891,43794,1156098,601357,554741,277962,165299,112663,359386,186010,173376,58558,41282,17276,LUCKNOW,UTTAR PRADESH,2011
145453,80483,64970,16866,9745,7121,113108,60188,52920,14046,8631,5415,98193,50151,48042,9810,6360,3450,335306,175910,159396,25470,19292,6178,115721,58196,57525,4605,4044,561,MAHAMAYA NAGAR,UTTAR PRADESH,2011
124294,59052,65242,2090,1750,340,126220,61174,65046,2830,2480,350,117852,59007,58845,2960,2820,140,369332,199688,169644,5138,4888,250,124964,69993,54971,330,310,20,MAHARAJGANJ,UTTAR PRADESH,1991
161390,78021,83369,5657,4329,1328,151144,73798,77346,5686,4778,908,142055,69133,72922,4149,3567,582,451235,237245,213990,12546,11711,835,157492,84405,73087,916,863,53,MAHARAJGANJ,UTTAR PRADESH,2001
58262,30923,27339,2738,1871,867,53905,28455,25450,3170,2430,740,48953,24966,23987,2550,2047,503,149445,80273,69172,6215,5381,834,55852,29691,26161,345,318,27,MAHOBA,UTTAR PRADESH,2001
71018,39445,31573,6553,3934,2619,63382,33571,29811,6272,4107,2165,58154,29454,28700,4161,2908,1253,199374,105786,93588,10934,8952,1982,81259,42840,38419,1440,1269,171,MAHOBA,UTTAR PRADESH,2011
209779,108066,101713,16836,10342,6494,197489,97409,100080,15775,10637,5138,179837,87796,92041,10114,7405,2709,579386,297095,282291,20706,17756,2950,206464,110297,96167,3183,2905,278,MAHRAJGANJ,UTTAR PRADESH,2011
112280,58908,53372,5130,3720,1410,101189,53858,47331,4568,3470,1098,82623,42763,39860,3540,2860,680,273905,146288,127617,7478,6728,750,87121,49451,37670,520,480,40,MAINPURI,UTTAR PRADESH,1991
123622,67430,56192,7255,4629,2626,115017,59579,55438,7497,5360,2137,105421,53241,52180,5823,4440,1383,324075,171650,152425,15288,13052,2236,114223,61690,52533,1336,1224,112,MAINPURI,UTTAR PRADESH,2001
168574,92796,75778,24622,14200,10422,130127,68374,61753,17792,10967,6825,115549,58221,57328,10693,6999,3694,400490,207670,192820,25200,19702,5498,151920,79577,72343,4345,3737,608,MAINPURI,UTTAR PRADESH,2011
171211,92996,78215,10190,7150,3040,147654,79840,67814,9370,7000,2370,120606,63674,56932,7860,5820,2040,382250,206301,175949,16430,13760,2670,128094,71813,56281,2710,2580,130,MATHURA,UTTAR PRADESH,1991
166968,93871,73097,12627,8043,4584,149703,79158,70545,12789,8686,4103,135672,69562,66110,9944,7116,2828,411932,222335,189597,29702,23409,6293,144800,76280,68520,3804,3348,456,MATHURA,UTTAR PRADESH,2001
229509,127354,102155,27265,16477,10788,176109,93081,83028,23228,14158,9070,152018,77783,74235,16549,10657,5892,533028,282438,250590,44551,32756,11795,178546,92362,86184,8939,7509,1430,MATHURA,UTTAR PRADESH,2011
109025,49781,59244,3650,2750,900,94908,44362,50546,4892,3812,1080,84816,39061,45755,3850,3350,500,296092,148862,147230,6702,6130,572,105130,58226,46904,480,460,20,MAU,UTTAR PRADESH,1991
138844,65340,73504,11468,7509,3959,118820,54689,64131,11157,8171,2986,110383,49642,60741,7446,5688,1758,372640,186424,186216,19535,16834,2701,141492,75846,65646,1736,1627,109,MAU,UTTAR PRADESH,2001
182717,93229,89488,29284,14699,14585,147523,71085,76438,27819,15544,12275,133595,61695,71900,18326,11353,6973,471001,233190,237811,36691,27949,8742,186007,97684,88323,5197,4562,635,MAU,UTTAR PRADESH,2011
286423,154216,132207,20780,11780,9000,251199,132701,118498,19720,12360,7360,217413,114863,102550,17980,12000,5980,679187,369769,309418,39976,31880,8096,242392,143548,98844,4696,4180,516,MEERUT,UTTAR PRADESH,1991
265069,145835,119234,33123,17720,15403,215946,113546,102400,30598,17924,12674,192134,97015,95119,22020,13200,8820,619059,329390,289669,64987,44691,20296,190510,100468,90042,8277,6896,1381,MEERUT,UTTAR PRADESH,2001
349971,186639,163332,56576,28128,28448,273709,144739,128970,54023,28466,25557,224433,114750,109683,38360,21393,16967,771744,402223,369521,99626,62519,37107,236125,121724,114401,19502,14709,4793,MEERUT,UTTAR PRADESH,2011
138825,70068,68757,5390,4220,1170,121076,62101,58975,5990,4890,1100,106269,53710,52559,4930,4060,870,332221,175970,156251,9700,8640,1060,111528,62823,48705,710,660,50,MIRZAPUR,UTTAR PRADESH,1991
171334,88253,83081,11957,8746,3211,152625,77360,75265,11768,9133,2635,141112,69929,71183,8073,6393,1680,426373,224911,201462,21653,18586,3067,149232,78166,71066,2100,1958,142,MIRZAPUR,UTTAR PRADESH,2001
217387,118268,99119,27384,17067,10317,186091,95703,90388,26386,17173,9213,167921,83678,84243,18248,12659,5589,531600,275892,255708,37160,29518,7642,199429,102853,96576,5885,5194,691,MIRZAPUR,UTTAR PRADESH,2011
328777,174746,154031,14210,8080,6130,297528,155819,141709,13770,8780,4990,258319,137381,120938,11870,8580,3290,783488,429701,353787,23486,18310,5176,249677,143693,105984,2250,1950,300,MORADABAD,UTTAR PRADESH,1991
312543,168691,143852,18030,10144,7886,264011,136497,127514,17638,10813,6825,240995,122779,118216,13596,8597,4999,709848,376522,333326,38540,26920,11620,215179,115276,99903,3918,3232,686,MORADABAD,UTTAR PRADESH,2001
438358,237371,200987,44351,23489,20862,331858,172271,159587,38925,22250,16675,294762,149578,145184,26058,15368,10690,941575,490928,450647,64112,41668,22444,277723,144135,133588,10245,7540,2705,MORADABAD,UTTAR PRADESH,2011
236941,124259,112682,11330,6770,4560,203187,107700,95487,9700,6330,3370,175131,89151,85980,8370,5980,2390,557124,295618,261506,18080,14780,3300,195691,116775,78916,1430,1280,150,MUZAFFARNAGAR,UTTAR PRADESH,1991
286888,155229,131659,23527,13086,10441,249979,130812,119167,20262,12883,7379,226935,113029,113906,13813,9046,4767,699232,369817,329415,37239,28065,9174,243704,132930,110774,3955,3493,462,MUZAFFARNAGAR,UTTAR PRADESH,2001
389963,208453,181510,44521,21498,23023,296132,156963,139169,40850,22657,18193,257483,129033,128450,27791,16400,11391,899818,466951,432867,63781,43438,20343,298603,155982,142621,10163,8401,1762,MUZAFFARNAGAR,UTTAR PRADESH,2011
133244,70989,62255,11340,6120,5220,123593,63827,59766,12294,7440,4854,107909,56609,51300,11030,7630,3400,309419,174058,135361,19023,14874,4149,87974,49067,38907,1360,1180,180,NAINITAL,UTTAR PRADESH,1991
98443,51343,47100,2580,1510,1070,96783,51351,45432,3230,2410,820,83808,43868,39940,2820,2050,770,262983,145388,117595,5110,4040,1070,76761,42360,34401,410,360,50,PILIBHIT,UTTAR PRADESH,1991
131971,70984,60987,5376,3490,1886,119771,62447,57324,5274,3617,1657,108636,55424,53212,3799,2629,1170,323802,175085,148717,10557,8083,2474,99327,52060,47267,840,711,129,PILIBHIT,UTTAR PRADESH,2001
182983,100416,82567,16229,9840,6389,149044,78261,70783,14000,9011,4989,134080,68201,65879,8950,6009,2941,428668,225253,203415,17996,13081,4915,143201,74448,68753,2694,2106,588,PILIBHIT,UTTAR PRADESH,2011
43993,20216,23777,1750,1100,650,42577,20179,22398,2450,1790,660,35686,17455,18231,2270,1840,430,129674,66034,63640,4551,4070,481,42771,22323,20448,250,230,20,PITHORAGARH,UTTAR PRADESH,1991
166191,74437,91754,6830,5840,990,146840,67289,79551,6487,5620,867,132088,59712,72376,5420,4880,540,464613,224999,239614,11270,10630,640,177838,97369,80469,940,910,30,PRATAPGARH,UTTAR PRADESH,1991
204108,94509,109599,13224,10124,3100,178999,81378,97621,13072,10571,2501,162320,72220,90100,8744,7305,1439,559508,271458,288050,23369,21088,2281,222237,116456,105781,2400,2277,123,PRATAPGARH,UTTAR PRADESH,2001
262655,131349,131306,37545,22180,15365,220848,104917,115931,32108,20564,11544,203114,93884,109230,20915,14889,6026,707584,343622,363962,43103,35332,7771,285126,145410,139716,7174,6414,760,PRATAPGARH,UTTAR PRADESH,2011
180603,87851,92752,5110,3570,1540,167043,83128,83915,6000,4190,1810,153968,76432,77536,5900,4570,1330,504371,262840,241531,10277,9020,1257,173782,93190,80592,770,660,110,RAE BARELI,UTTAR PRADESH,1991
222588,111771,110817,11737,7574,4163,195026,96047,98979,10953,7728,3225,185510,87917,97593,8542,6051,2491,612864,315695,297169,24525,20015,4510,217516,109855,107661,1878,1679,199,RAE BARELI,UTTAR PRADESH,2001
294180,157798,136382,34791,18851,15940,242768,123712,119056,30316,17639,12677,222547,108479,114068,19223,12145,7078,769240,395827,373413,42568,31990,10578,291379,144563,146816,5959,5140,819,RAE BARELI,UTTAR PRADESH,2011
123678,66949,56729,3900,2420,1480,108527,56287,52240,3800,2310,1490,96133,50877,45256,3500,2380,1120,285830,155309,130521,6750,5300,1450,95405,55271,40134,460,400,60,RAMPUR,UTTAR PRADESH,1991
149790,80841,68949,6177,3581,2596,132582,68432,64150,6361,3923,2438,124093,63034,61059,4984,3151,1833,360870,193907,166963,13888,9939,3949,103445,55117,48328,1184,959,225,RAMPUR,UTTAR PRADESH,2001
213599,117995,95604,16993,9467,7526,157709,82359,75350,14598,8439,6159,143690,72130,71560,9909,6018,3891,467799,243180,224619,21849,14495,7354,138588,72296,66292,3014,2289,725,RAMPUR,UTTAR PRADESH,2011
206722,108902,97820,10310,5840,4470,174420,91317,83103,10280,7020,3260,144808,74949,69859,7990,5660,2330,448490,243012,205478,18980,15310,3670,147322,86828,60494,1350,1280,70,SAHARANPUR,UTTAR PRADESH,1991
242969,132782,110187,19650,11148,8502,206315,108044,98271,17890,11375,6515,189037,94419,94618,13005,8448,4557,575772,307062,268710,35047,25584,9463,190511,103324,87187,3394,2837,557,SAHARANPUR,UTTAR PRADESH,2001
346128,186749,159379,38950,18814,20136,256890,136149,120741,36986,20251,16735,217659,109875,107784,25332,14855,10477,752228,390822,361406,57808,38845,18963,233711,121783,111928,9027,7154,1873,SAHARANPUR,UTTAR PRADESH,2011
102055,48416,53639,4246,3249,997,87570,40780,46790,4028,3285,743,81373,37277,44096,2711,2283,428,285302,142896,142406,8434,7801,633,110442,59627,50815,678,649,29,SANT KABIR NAGAR,UTTAR PRADESH,2001
138422,69436,68986,13589,7924,5665,118477,57448,61029,11846,7748,4098,106463,50045,56418,7661,5464,2197,347865,173326,174539,15444,12950,2494,148569,80757,67812,2732,2531,201,SANT KABIR NAGAR,UTTAR PRADESH,2011
115883,56937,58946,7581,6267,1314,93772,46081,47691,6629,5639,990,83249,39166,44083,4549,3900,649,248573,127528,121045,11427,10362,1065,91825,48875,42950,1270,1202,68,SANT RAVIDAS NAGAR,UTTAR PRADESH,2001
139249,70831,68418,16974,11200,5774,117481,56730,60751,15678,10873,4805,103167,48354,54813,9990,7548,2442,317716,157602,160114,18935,16137,2798,120780,62561,58219,3247,2997,250,SANT RAVIDAS NAGAR BHADOHI,UTTAR PRADESH,2011
167841,91263,76578,3670,2260,1410,153727,83206,70521,4537,2990,1547,134938,73520,61418,3770,2630,1140,424507,239431,185076,7590,6170,1420,124253,70069,54184,450,400,50,SHAHJAHANPUR,UTTAR PRADESH,1991
206504,111353,95151,7731,4744,2987,194587,104165,90422,8193,5429,2764,173940,91746,82194,6153,4217,1936,511741,282062,229679,16590,12802,3788,156141,83836,72305,1528,1313,215,SHAHJAHANPUR,UTTAR PRADESH,2001
252123,137914,114209,22012,12694,9318,217727,115185,102542,19607,11987,7620,196749,101453,95296,12951,8296,4655,619408,332445,286963,28437,20225,8212,204823,107923,96900,4227,3376,851,SHAHJAHANPUR,UTTAR PRADESH,2011
94021,47940,46081,1772,1449,323,90126,46836,43290,2302,1969,333,80034,40727,39307,1565,1384,181,248819,133015,115804,4152,3895,257,86837,47549,39288,276,266,10,SHRAWASTI,UTTAR PRADESH,2001
88622,46179,42443,3380,2243,1137,86253,44141,42112,3299,2390,909,76251,38866,37385,2320,1791,529,232039,123363,108676,4955,4312,643,80787,44199,36588,576,530,46,SHRAWASTI,UTTAR PRADESH,2011
120621,56692,63929,1510,1270,240,119868,58088,61780,2190,1950,240,113673,54975,58698,2030,1880,150,386417,208493,177924,4510,4290,220,129340,71120,58220,200,180,20,SIDDHARTHNAGAR,UTTAR PRADESH,1991
143185,67890,75295,4008,3010,998,132720,63238,69482,4011,3249,762,123354,57840,65514,2924,2457,467,426728,221016,205712,11170,10272,898,153923,84867,69056,865,833,32,SIDDHARTHNAGAR,UTTAR PRADESH,2001
195854,95507,100347,11985,7339,4646,175723,84427,91296,10764,7165,3599,151764,71947,79817,7333,5288,2045,499671,249487,250184,16997,14435,2562,212544,116939,95605,2954,2716,238,SIDDHARTHNAGAR,UTTAR PRADESH,2011
236914,126855,110059,6190,4130,2060,225460,120711,104749,6430,4720,1710,200519,106200,94319,5620,4550,1070,618136,341552,276584,10190,8700,1490,201422,114142,87280,1190,1090,100,SITAPUR,UTTAR PRADESH,1991
289860,153864,135996,10027,6237,3790,274714,145142,129572,11100,7808,3292,256953,131631,125322,9296,6894,2402,738309,400081,338228,22428,18349,4079,256845,135248,121597,2099,1845,254,SITAPUR,UTTAR PRADESH,2001
365104,199726,165378,29767,17056,12711,325320,170617,154703,26438,16324,10114,300981,152975,148006,17284,11196,6088,946731,504044,442687,40839,30617,10222,341593,176235,165358,6022,4888,1134,SITAPUR,UTTAR PRADESH,2011
86412,41938,44474,2670,1630,1040,86596,45303,41293,3520,2580,940,79317,41770,37547,3440,2840,600,223523,128627,94896,6450,5790,660,61180,34460,26720,330,240,90,SONBHADRA,UTTAR PRADESH,1991
114390,57094,57296,7714,5041,2673,109201,55588,53613,8044,5532,2512,102418,51078,51340,6101,4212,1889,307378,167729,139649,15289,12421,2868,87108,47220,39888,683,616,67,SONBHADRA,UTTAR PRADESH,2001
156577,81176,75401,17767,10227,7540,142316,72521,69795,17153,10901,6252,125082,62469,62613,11399,7777,3622,404030,212570,191460,24709,18676,6033,127668,68037,59631,1983,1729,254,SONBHADRA,UTTAR PRADESH,2011
199805,94964,104841,6990,5600,1390,173226,85750,87476,7510,6350,1160,163102,77629,85473,5842,5280,562,554467,287738,266729,12173,11123,1050,202990,112190,90800,820,690,130,SULTANPUR,UTTAR PRADESH,1991
247414,115453,131961,15356,10865,4491,214545,101451,113094,15360,11725,3635,197307,91186,106121,11005,8689,2316,661355,332719,328636,27610,24195,3415,256780,133361,123419,2378,2209,169,SULTANPUR,UTTAR PRADESH,2001
316021,156531,159490,41080,22309,18771,266495,129232,137263,36337,21924,14413,242916,113909,129007,24213,16261,7952,822618,411085,411533,51405,41222,10183,342852,175247,167605,7666,6775,891,SULTANPUR,UTTAR PRADESH,2011
48136,20575,27561,1981,1321,660,40795,18661,22134,2570,2020,550,33472,15290,18182,2140,1870,270,122083,58385,63698,3850,3570,280,46837,23072,23765,380,360,20,TEHRI GARHWAL,UTTAR PRADESH,1991
180022,94570,85452,7000,5010,1990,166844,85880,80964,7050,5440,1610,150054,76077,73977,5360,4300,1060,477253,255336,221917,10368,8980,1388,159545,87213,72332,870,770,100,UNNAO,UTTAR PRADESH,1991
208896,113942,94954,9540,5725,3815,191067,97881,93186,10333,7116,3217,188135,93006,95129,8697,6435,2262,575738,304087,271651,22400,18424,3976,202052,102652,99400,1962,1766,196,UNNAO,UTTAR PRADESH,2001
269249,152404,116845,28940,15518,13422,212027,111444,100583,22235,12759,9476,196611,97015,99596,14101,8451,5650,701192,365151,336041,36789,27427,9362,262510,132211,130299,5890,4906,984,UNNAO,UTTAR PRADESH,2011
21267,10634,10633,943,630,313,19259,9887,9372,1270,1000,270,15758,8020,7738,1220,990,230,52497,28147,24350,1600,1450,150,16827,8686,8141,50,30,20,UTTARKASHI,UTTAR PRADESH,1991
410791,206224,204567,27430,19320,8110,356368,182418,173950,26140,20253,5887,314250,160016,154234,20867,16336,4531,966531,516348,450183,48160,41000,7160,315801,175416,140385,5160,4710,450,VARANASI,UTTAR PRADESH,1991
271195,142219,128976,33682,21165,12517,225114,113415,111699,32662,21680,10982,202822,100284,102538,23632,16256,7376,643399,338817,304582,67723,51820,15903,213838,113325,100513,9804,8616,1188,VARANASI,UTTAR PRADESH,2001
346716,186901,159815,62818,33740,29078,286608,145860,140748,63644,35649,27995,252459,125106,127353,46392,27834,18558,843119,433898,409221,119189,82743,36446,292041,152246,139795,23264,19074,4190,VARANASI,UTTAR PRADESH,2011
52038,22527,29511,9646,4408,5238,41713,17646,24067,7767,3820,3947,37950,16806,21144,5689,3221,2468,155829,69712,86117,14383,9932,4451,76453,33591,42862,2257,1803,454,ALMORA,UTTARAKHAND,2011
21272,9294,11978,3359,1679,1680,18581,7954,10627,2430,1309,1121,16589,7444,9145,1817,1093,724,65472,29977,35495,3791,2956,835,30180,14211,15969,533,468,65,BAGESHWAR,UTTARAKHAND,2011
36521,16964,19557,7511,3428,4083,31576,14798,16778,7096,3610,3486,26701,13077,13624,5578,3351,2227,96412,47127,49285,10355,7986,2369,37942,17913,20029,801,715,86,CHAMOLI,UTTARAKHAND,2011
22473,11235,11238,4173,2198,1975,20093,9676,10417,3640,2022,1618,17166,8496,8670,2523,1558,965,62005,30462,31543,4896,3583,1313,23464,11373,12091,424,363,61,CHAMPAWAT,UTTARAKHAND,2011
175063,91310,83753,51327,24291,27036,155182,79238,75944,51558,23725,27833,132014,68397,63617,40967,20123,20844,442437,229530,212907,104584,59560,45024,147875,77429,70446,21323,14938,6385,DEHRADUN,UTTARAKHAND,2011
58033,25524,32509,12310,5052,7258,47270,20116,27154,11439,5082,6357,43999,19830,24169,9482,4905,4577,175410,80327,95083,22813,15415,7398,86219,38568,47651,3136,2701,435,GARHWAL,UTTARAKHAND,2011
193565,103878,89687,31806,15561,16245,153109,80861,72248,32408,16190,16218,128126,65736,62390,23903,12986,10917,417718,220495,197223,49444,30560,18884,135770,71876,63894,8987,6652,2335,HARDWAR,UTTARAKHAND,2011
94692,48516,46176,22216,10034,12182,81675,40627,41048,21918,10173,11745,70335,35823,34512,17665,9099,8566,242760,124438,118322,43938,27114,16824,77053,39285,37768,6691,5015,1676,NAINITAL,UTTARAKHAND,2011
41913,19430,22483,7202,3181,4021,36910,17133,19777,6464,3137,3327,32813,15593,17220,4988,2897,2091,124333,58796,65537,11117,7897,3220,52120,24379,27741,1265,1049,216,PITHORAGARH,UTTARAKHAND,2011
21601,9163,12438,3790,1832,1958,18308,7942,10366,3814,2015,1799,15629,7055,8574,2899,1918,981,57630,25808,31822,5281,4156,1125,26706,11998,14708,676,625,51,RUDRAPRAYAG,UTTARAKHAND,2011
53782,23593,30189,8391,3961,4430,45380,20172,25208,7588,4055,3533,39339,18048,21291,6496,3994,2502,145315,67826,77489,13572,10426,3146,64715,29144,35571,1241,1075,166,TEHRI GARHWAL,UTTARAKHAND,2011
168034,87566,80468,27486,13014,14472,134527,68188,66339,25592,13198,12394,115610,57961,57649,17834,10146,7688,375126,194736,180390,39066,25684,13382,113857,58092,55765,4381,3286,1095,UDHAM SINGH NAGAR,UTTARAKHAND,2011
31081,15614,15467,5410,2814,2596,25860,13012,12848,5108,2900,2208,22029,11161,10868,4011,2612,1399,76758,39002,37756,7770,6062,1708,28455,14038,14417,523,475,48,UTTARKASHI,UTTARAKHAND,2011
47389,19768,27621,3970,1948,2022,39124,15943,23181,4407,2548,1859,35244,15036,20208,3501,2284,1217,143857,63675,80182,9155,6992,2163,64043,29283,34760,793,677,116,ALMORA,UTTARANCHAL,2001
19041,7931,11110,840,432,408,16869,6836,10033,1166,793,373,14567,6292,8275,862,633,229,58344,26933,31411,2008,1732,276,23706,11527,12179,147,139,8,BAGESHWAR,UTTARANCHAL,2001
32098,14975,17123,3689,1815,1874,26546,12399,14147,4236,2660,1576,22706,11103,11603,2749,2090,659,80540,39574,40966,5238,4541,697,30482,14925,15557,299,279,20,CHAMOLI,UTTARANCHAL,2001
17491,8082,9409,1158,630,528,15710,6900,8810,1381,841,540,14013,6425,7588,1080,745,335,50293,24947,25346,2541,2082,459,16670,8234,8436,145,134,11,CHAMPAWAT,UTTARANCHAL,2001
125095,66942,58153,26580,12213,14367,106208,54398,51810,26585,12948,13637,91797,47385,44412,19815,10615,9200,312217,167723,144494,55339,34618,20721,91880,49020,42860,8579,6658,1921,DEHRADUN,UTTARANCHAL,2001
60749,27100,33649,7736,3527,4209,45431,19386,26045,7555,4113,3442,39445,17456,21989,5705,3668,2037,156752,70079,86673,13439,10490,2949,73234,33767,39467,1181,1094,87,GARHWAL,UTTARANCHAL,2001
129245,70964,58281,16710,8699,8011,108273,56683,51590,13904,7891,6013,94458,48064,46394,9104,5469,3635,299249,160457,138792,26398,17333,9065,94594,51351,43243,3224,2658,566,HARDWAR,UTTARANCHAL,2001
70537,37230,33307,11444,5209,6235,62104,31591,30513,12472,6527,5945,52792,27183,25609,9081,5450,3631,176098,93639,82459,22665,15744,6921,50555,26062,24493,2222,1891,331,NAINITAL,UTTARANCHAL,2001
37609,17353,20256,3323,1629,1694,33007,14486,18521,3901,2349,1552,28983,13409,15574,2858,2005,853,108028,51948,56080,6677,5339,1338,42083,20377,21706,418,380,38,PITHORAGARH,UTTARANCHAL,2001
19626,8265,11361,1920,1051,869,15491,6537,8954,2112,1440,672,13133,5860,7273,1370,1063,307,49250,22116,27134,2728,2447,281,20782,9771,11011,244,236,8,RUDRAPRAYAG,UTTARANCHAL,2001
51802,23515,28287,4746,2735,2011,42815,20034,22781,5604,3656,1948,37299,17825,19474,4316,3210,1106,129107,61332,67775,7863,6799,1064,52430,24589,27841,520,482,38,TEHRI GARHWAL,UTTARANCHAL,2001
106082,56756,49326,10669,5606,5063,91713,46366,45347,10343,6036,4307,83646,41549,42097,7613,4644,2969,255913,137705,118208,19855,14428,5427,72713,36930,35783,1168,977,191,UDHAM SINGH NAGAR,UTTARANCHAL,2001
25776,12819,12957,2471,1464,1007,22543,11248,11295,3079,2074,1005,19090,9733,9357,2232,1701,531,65193,34088,31105,4289,3697,592,21184,10879,10305,196,186,10,UTTARKASHI,UTTARANCHAL,2001
261889,132116,129773,10587,7667,2920,252208,128348,123860,11310,9100,2210,208496,110121,98375,8010,6610,1400,621007,321291,299716,19643,17843,1800,175621,81641,93980,1340,1280,60,BANKURA,WEST BENGAL,1991
277567,140897,136670,11749,7998,3751,285766,142526,143240,16129,12026,4103,253473,129659,123814,13409,10694,2715,796874,414971,381903,33507,29185,4322,231724,104156,127568,3640,3435,205,BANKURA,WEST BENGAL,2001
325766,166383,159383,22680,14426,8254,307455,155697,151758,23484,16002,7482,275893,138457,137436,18205,12922,5283,1042879,542090,500789,52451,42489,9962,333826,154338,179488,11253,10358,895,BANKURA,WEST BENGAL,2011
576073,299755,276318,37310,24480,12830,550387,282285,268102,37861,26513,11348,455990,243315,212675,29810,21520,8290,1387981,773194,614787,79506,65700,13806,311520,154890,156630,5890,5500,390,BARDDHAMAN,WEST BENGAL,1991
630977,326039,304938,45689,28206,17483,614862,308942,305920,56503,36645,19858,552709,285575,267134,47068,33027,14041,1789170,965963,823207,132745,103411,29334,447852,215410,232442,15664,13970,1694,BARDDHAMAN,WEST BENGAL,2001
747485,378406,369079,70189,39322,30867,694843,353766,341077,77967,46531,31436,615277,312098,303179,63960,40301,23659,2317488,1216131,1101357,195623,141036,54587,625691,307008,318683,39835,33667,6168,BARDDHAMAN,WEST BENGAL,2011
230943,110893,120050,9606,7446,2160,238268,118800,119468,9620,7670,1950,199339,104704,94635,7263,6060,1203,544506,288753,255753,18810,16850,1960,125891,63960,61931,1510,1410,100,BIRBHUM,WEST BENGAL,1991
258272,127377,130895,10824,7439,3385,263111,128341,134770,14369,10533,3836,239873,121531,118342,12337,9630,2707,724170,382707,341463,33240,28326,4914,164596,76739,87857,3900,3555,345,BIRBHUM,WEST BENGAL,2001
330649,166434,164215,18074,11433,6641,299253,151632,147621,19207,12804,6403,258200,130578,127622,16466,11569,4897,976448,505146,471302,51364,41071,10293,256874,122767,134107,11206,9966,1240,BIRBHUM,WEST BENGAL,2011
439452,246520,192932,72480,41570,30910,435965,238502,197463,83353,48770,34583,389518,215600,173918,79778,46520,33258,1271041,758922,512119,241730,172491,69239,322918,178664,144254,43620,38350,5270,CALCUTTA,WEST BENGAL,1991
122263,57318,64945,4058,2593,1465,134476,63919,70557,5604,3722,1882,119461,61498,57963,4935,3595,1340,361014,191946,169068,11569,9039,2530,96595,47021,49574,1277,1141,136,DAKSHIN DINAJPUR,WEST BENGAL,2001
154886,78486,76400,10378,6399,3979,139305,70029,69276,10684,6737,3947,119348,58537,60811,7248,4732,2516,484076,250995,233081,20393,14738,5655,133981,67050,66931,3881,3205,676,DAKSHIN DINAJPUR,WEST BENGAL,2011
126633,63285,63348,7860,4940,2920,122247,60349,61898,8550,5250,3300,100245,52842,47403,6350,4160,2190,282550,157764,124786,13560,10750,2810,69877,39898,29979,990,870,120,DARJILING,WEST BENGAL,1991
153814,75074,78740,10136,5392,4744,144645,70057,74588,14432,8144,6288,125920,64470,61450,12865,8049,4816,395444,212949,182495,30579,21712,8867,105976,57131,48845,3452,2812,640,DARJILING,WEST BENGAL,2001
184729,90723,94006,17773,8731,9042,176830,86600,90230,24427,12119,12308,149366,73972,75394,17980,9530,8450,522561,267847,254714,49850,32079,17771,141340,74218,67122,7958,6020,1938,DARJILING,WEST BENGAL,2011
361670,194609,167061,23800,14460,9340,331508,172430,159078,25600,16100,9500,277797,153626,124171,21341,14331,7010,847794,483871,363923,54947,44927,10020,237997,122666,115331,6110,5740,370,HAORA,WEST BENGAL,1991
408496,215048,193448,28878,16389,12489,386183,198731,187452,38499,23052,15447,338297,179225,159072,32646,21297,11349,1103813,613486,490327,96579,70912,25667,326901,161529,165372,14783,12829,1954,HAORA,WEST BENGAL,2001
469745,235349,234396,43830,22168,21662,438546,219710,218836,51615,27501,24114,399263,205505,193758,44110,25110,19000,1430010,763377,666633,139897,93044,46853,427135,215395,211740,32836,26177,6659,HAORA,WEST BENGAL,2011
423834,216629,207205,29320,18740,10580,399888,203174,196714,31410,20600,10810,334141,181382,152759,27470,18800,8670,1002854,557850,445004,72446,58466,13980,280879,136183,144696,7780,7080,700,HUGLI,WEST BENGAL,1991
452536,226104,226432,33706,19393,14313,456250,226340,229910,45793,28024,17769,416923,213397,203526,40740,26804,13936,1362075,737532,624543,126976,92540,34436,402191,192898,209293,19552,16953,2599,HUGLI,WEST BENGAL,2001
505273,250851,254422,51452,27022,24430,486631,242070,244561,60493,33309,27184,447694,223936,223758,51210,29728,21482,1759169,921621,837548,177395,118543,58852,542164,268713,273451,47059,37438,9621,HUGLI,WEST BENGAL,2011
252490,125065,127425,7863,4823,3040,264390,126600,137790,8170,5050,3120,207658,108460,99198,6197,4200,1997,579179,319843,259336,13640,10250,3390,146106,79811,66295,1270,1090,180,JALPAIGURI,WEST BENGAL,1991
289612,143106,146506,10665,6241,4424,294273,141264,153009,14853,9173,5680,258766,130431,128335,12254,8409,3845,801284,433424,367860,29648,21833,7815,206266,105537,100729,3287,2823,464,JALPAIGURI,WEST BENGAL,2001
406785,204429,202356,23053,12625,10428,348053,178839,169214,27168,15375,11793,260607,133551,127056,18775,11203,7572,1083767,560378,523389,48602,33577,15025,266742,137517,129225,8500,6706,1794,JALPAIGURI,WEST BENGAL,2011
192881,96205,96676,4390,2980,1410,197899,94634,103265,5090,3590,1500,156329,82031,74298,3730,2780,950,435638,234588,201050,8350,6950,1400,131033,68013,63020,530,450,80,KOCH BIHAR,WEST BENGAL,1991
200023,98107,101916,6510,3994,2516,211616,99506,112110,8584,5687,2897,186471,94580,91891,7037,5113,1924,576911,307031,269880,16131,12698,3433,170785,83687,87098,1545,1337,208,KOCH BIHAR,WEST BENGAL,2001
280811,145285,135526,16209,9734,6475,242372,126075,116297,17077,10737,6340,186298,94876,91422,10603,6852,3751,790847,409136,381711,26908,19685,7223,216262,108458,107804,4572,3772,800,KOCH BIHAR,WEST BENGAL,2011
438598,243416,195182,65749,34936,30813,435167,236380,198787,97287,52021,45266,392701,216368,176333,87150,48818,38332,1416871,805624,611247,324139,204253,119886,452736,240152,212584,78957,60469,18488,KOLKATA,WEST BENGAL,2001
400295,206756,193539,85082,42852,42230,406350,207402,198948,109341,54570,54771,380075,196471,183604,99138,50690,48448,1538854,822121,716733,389357,222195,167162,529154,275996,253158,132815,89767,43048,KOLKATA,WEST BENGAL,2011
224690,112011,112679,4500,3260,1240,220141,106296,113845,5860,4150,1710,187174,97508,89666,4480,3440,1040,519268,278372,240896,9920,8500,1420,134602,70622,63980,740,700,40,MALDAH,WEST BENGAL,1991
261696,127906,133790,6467,4334,2133,268321,127979,140342,9257,6358,2899,242570,123150,119420,8081,5933,2148,690235,367828,322407,18767,15224,3543,172500,82981,89519,1782,1603,179,MALDAH,WEST BENGAL,2001
373432,190476,182956,17561,11013,6548,317871,161639,156232,18820,12496,6324,258444,130697,127747,12890,8786,4104,962347,504359,457988,31981,24152,7829,254614,127298,127316,5393,4614,779,MALDAH,WEST BENGAL,2011
787781,393192,394589,28549,19937,8612,743623,369440,374183,30440,22290,8150,579221,313461,265760,22980,17300,5680,1691573,896730,794843,63087,53917,9170,524983,267787,257196,3990,3850,140,MEDINIPUR,WEST BENGAL,1991
861072,426598,434474,37481,24158,13323,848978,411492,437486,50405,34512,15893,736125,379628,356497,41659,31034,10625,2273119,1204930,1068189,104064,83666,20398,696667,339316,357351,12648,11596,1052,MEDINIPUR,WEST BENGAL,2001
416576,205117,211459,8710,6140,2570,406395,200130,206265,10450,7900,2550,333649,175798,157851,8364,6390,1974,904215,481671,422544,19480,16930,2550,241144,118374,122770,1320,1170,150,MURSHIDABAD,WEST BENGAL,1991
491916,244666,247250,15133,10385,4748,477089,230610,246479,18960,13689,5271,423566,215055,208511,15294,11704,3590,1242576,658884,583692,38213,31881,6332,331155,154776,176379,3940,3578,362,MURSHIDABAD,WEST BENGAL,2001
707320,358789,348531,29683,18494,11189,571574,289877,281697,30150,19698,10452,469431,237803,231628,23519,16260,7259,1739610,908417,831193,62407,48731,13676,499966,240228,259738,11448,10113,1335,MURSHIDABAD,WEST BENGAL,2011
370154,188978,181176,14897,9517,5380,346458,173331,173127,16500,11260,5240,270988,147175,123813,11302,8000,3302,780431,421376,359055,28777,23654,5123,266124,131155,134969,2710,2410,300,NADIA,WEST BENGAL,1991
413536,206951,206585,19554,12474,7080,414134,202205,211929,26009,17413,8596,361914,187171,174743,21109,14789,6320,1107204,594891,512313,53956,40706,13250,381544,179143,202401,6899,5793,1106,NADIA,WEST BENGAL,2001
505782,257352,248430,34019,19812,14207,458250,233991,224259,37851,23270,14581,383899,195585,188314,30696,20041,10655,1549542,815388,734154,85724,60973,24751,485962,235164,250798,18139,14514,3625,NADIA,WEST BENGAL,2011
693778,352104,341674,56640,32570,24070,676822,338874,337948,63353,37913,25440,556127,301278,254849,55950,35640,20310,1659797,931243,728554,145810,111440,34370,496362,261401,234961,19280,17790,1490,NORTH TWENTY FOUR PARGANAS,WEST BENGAL,1991
804729,407583,397146,72910,41132,31778,813706,401266,412440,108011,62759,45252,725697,374969,350728,93915,57905,36010,2387875,1301996,1085879,293626,200724,92902,734216,367044,367172,52090,42508,9582,NORTH TWENTY FOUR PARGANAS,WEST BENGAL,2001
961606,480072,481534,118004,62131,55873,907911,455845,452066,146296,78423,67873,788781,396950,391831,127780,71422,56358,3107783,1620815,1486968,432036,269052,162984,993575,505098,488477,119448,87833,31615,NORTH TWENTY FOUR PARGANAS,WEST BENGAL,2011
558646,278273,280373,37142,22266,14876,517781,258178,259603,39968,25196,14772,446133,222062,224071,30726,20020,10706,1700976,882702,818274,85262,63394,21868,507320,246885,260435,17333,14981,2352,PASCHIM MEDINIPUR,WEST BENGAL,2011
508380,260662,247718,30278,17817,12461,465269,237067,228202,35317,21788,13529,389515,199510,190005,28055,17995,10060,1394732,733286,661446,75556,56482,19074,442020,224849,217171,18314,16188,2126,PURBA MEDINIPUR,WEST BENGAL,2011
182081,91829,90252,5380,4310,1070,189431,96152,93279,5370,4360,1010,159416,82486,76930,4850,4050,800,519999,269320,250679,11400,10380,1020,129880,63160,66720,760,740,20,PURULIYA,WEST BENGAL,1991
201065,101301,99764,8013,5844,2169,211606,105868,105738,10793,8315,2478,187958,95227,92731,8457,6705,1752,618194,319283,298911,20068,17230,2838,183539,86692,96847,2060,1889,171,PURULIYA,WEST BENGAL,2001
253676,129160,124516,13671,9139,4532,239408,121056,118352,15197,10535,4662,208452,104372,104080,11971,8888,3083,785548,404887,380661,32333,26542,5791,254942,122101,132841,5191,4699,492,PURULIYA,WEST BENGAL,2011
616203,313274,302929,27062,17400,9662,596619,298082,298537,36874,24596,12278,508800,263713,245087,29729,21018,8711,1562056,840872,721184,78111,59918,18193,469518,227417,242101,10855,9440,1415,SOUTH  TWENTY FOUR PARGANAS,WEST BENGAL,2001
503653,254614,249039,17770,11770,6000,489902,245940,243962,19723,14290,5433,393604,209316,184288,15650,11370,4280,1144183,626818,517365,39568,33513,6055,360306,182446,177860,3720,3380,340,SOUTH TWENTY FOUR PARGANAS,WEST BENGAL,1991
822249,409187,413062,51496,29753,21743,754154,382071,372083,58177,34914,23263,613297,314686,298611,46225,29198,17027,2131812,1119224,1012588,129687,91019,38668,641923,320946,320977,29107,23591,5516,SOUTH TWENTY FOUR PARGANAS,WEST BENGAL,2011
183798,90035,93763,4332,2867,1465,194801,93665,101136,6476,4613,1863,176454,88435,88019,5397,4077,1320,510759,272946,237813,11939,9764,2175,125338,62862,62476,958,857,101,UTTAR DINAJPUR,WEST BENGAL,2001
260807,135557,125250,11407,7209,4198,226053,113360,112693,12084,7812,4272,191617,95013,96604,8130,5512,2618,709506,373392,336114,20481,15718,4763,188891,97285,91606,3005,2525,480,UTTAR DINAJPUR,WEST BENGAL,2011
262419,131825,130594,6810,4730,2080,274535,134305,140230,7230,5290,1940,233070,121473,111597,4960,3970,990,648524,351699,296825,11030,9500,1530,160330,86030,74300,660,630,30,WEST DINAJPUR,WEST BENGAL,1991
